Glob al Land and Ocean Temperature Anomalies
Unit s: Degrees Celsius
Base  P riod: 1901-2000
Year ,V lue
1880 01 -0.0084
1880 02 -0.1315
1880 03 -0.1450
1880 04 -0.0612
1880 05 -0.0844
1880 06 -0.1780
1880 07 -0.1598
1880 08 -0.0844
1880 09 -0.0921
1880 10 -0.1886
1880 11 -0.2766
1880 12 -0.0868
1881 01 -0.0267
1881 02 -0.0377
1881 03 0.0255
1881 04 0.0680
1881 05 0.0229
1881 06 -0.0987
1881 07 -0.0441
1881 08 -0.0623
1881 09 -0.1892
1881 10 -0.2279
1881 11 -0.2272
1881 12 -0.0505
1882 01 0.0852
1882 02 0.0329
1882 03 0.0687
1882 04 -0.1311
1882 05 -0.1518
1882 06 -0.1465
1882 07 -0.0732
1882 08 -0.0103
1882 09 -0.0009
1882 10 -0.2139
1882 11 -0.1340
1882 12 -0.1771
1883 01 -0.2749
1883 02 -0.2987
1883 03 -0.1376
1883 04 -0.1790
1883 05 -0.1483
1883 06 -0.0116
1883 07 -0.0902
1883 08 -0.0578
1883 09 -0.1532
1883 10 -0.1690
1883 11 -0.1764
1883 12 -0.0802
1884 01 -0.1921
1884 02 -0.1519
1884 03 -0.2136
1884 04 -0.1894
1884 05 -0.1354
1884 06 -0.2038
1884 07 -0.3100
1884 08 -0.2798
1884 09 -0.2339
1884 10 -0.1783
1884 11 -0.2779
1884 12 -0.1528
1885 01 -0.4370
1885 02 -0.2660
1885 03 -0.1562
1885 04 -0.2649
1885 05 -0.2897
1885 06 -0.3159
1885 07 -0.2481
1885 08 -0.2502
1885 09 -0.2071
1885 10 -0.1369
1885 11 -0.1353
1885 12 0.0428
1886 01 -0.1242
1886 02 -0.2888
1886 03 -0.2921
1886 04 -0.1773
1886 05 -0.1662
1886 06 -0.2572
1886 07 -0.1723
1886 08 -0.2235
1886 09 -0.2051
1886 10 -0.2356
1886 11 -0.2061
1886 12 -0.1729
1887 01 -0.3884
1887 02 -0.3819
1887 03 -0.1715
1887 04 -0.1972
1887 05 -0.2455
1887 06 -0.2226
1887 07 -0.2777
1887 08 -0.3231
1887 09 -0.1888
1887 10 -0.3065
1887 11 -0.1634
1887 12 -0.2040
1888 01 -0.3905
1888 02 -0.3368
1888 03 -0.3045
1888 04 -0.1821
1888 05 -0.1617
1888 06 -0.1015
1888 07 -0.1222
1888 08 -0.1676
1888 09 -0.0780
1888 10 0.0114
1888 11 -0.0503
1888 12 0.0352
1889 01 -0.0993
1889 02 0.0073
1889 03 0.1145
1889 04 0.0468
1889 05 -0.0349
1889 06 -0.0780
1889 07 -0.1663
1889 08 -0.1434
1889 09 -0.2296
1889 10 -0.1957
1889 11 -0.2810
1889 12 -0.1788
1890 01 -0.3634
1890 02 -0.4311
1890 03 -0.3212
1890 04 -0.2585
1890 05 -0.3882
1890 06 -0.2874
1890 07 -0.2799
1890 08 -0.3250
1890 09 -0.3527
1890 10 -0.2957
1890 11 -0.3434
1890 12 -0.2325
1891 01 -0.3853
1891 02 -0.5264
1891 03 -0.2120
1891 04 -0.2531
1891 05 -0.1381
1891 06 -0.2036
1891 07 -0.2282
1891 08 -0.2308
1891 09 -0.1522
1891 10 -0.2882
1891 11 -0.3984
1891 12 -0.0459
1892 01 -0.2421
1892 02 -0.1382
1892 03 -0.3024
1892 04 -0.3206
1892 05 -0.3069
1892 06 -0.2848
1892 07 -0.3501
1892 08 -0.3300
1892 09 -0.2219
1892 10 -0.2482
1892 11 -0.4735
1892 12 -0.4764
1893 01 -0.6804
1893 02 -0.6118
1893 03 -0.2246
1893 04 -0.3526
1893 05 -0.3424
1893 06 -0.2391
1893 07 -0.1999
1893 08 -0.3290
1893 09 -0.2603
1893 10 -0.2117
1893 11 -0.1649
1893 12 -0.2489
1894 01 -0.4385
1894 02 -0.2249
1894 03 -0.2087
1894 04 -0.3039
1894 05 -0.3027
1894 06 -0.3500
1894 07 -0.2748
1894 08 -0.2727
1894 09 -0.2570
1894 10 -0.2160
1894 11 -0.2998
1894 12 -0.2450
1895 01 -0.4360
1895 02 -0.4132
1895 03 -0.2865
1895 04 -0.1860
1895 05 -0.2084
1895 06 -0.2932
1895 07 -0.1988
1895 08 -0.2244
1895 09 -0.1307
1895 10 -0.1304
1895 11 -0.1580
1895 12 -0.0697
1896 01 -0.1049
1896 02 -0.0792
1896 03 -0.2105
1896 04 -0.2643
1896 05 -0.1011
1896 06 -0.0897
1896 07 -0.0498
1896 08 -0.0712
1896 09 -0.0680
1896 10 -0.0070
1896 11 -0.1673
1896 12 0.0479
1897 01 -0.1907
1897 02 -0.1166
1897 03 -0.1914
1897 04 -0.0079
1897 05 -0.0271
1897 06 -0.1006
1897 07 -0.0404
1897 08 -0.0754
1897 09 -0.0262
1897 10 -0.1615
1897 11 -0.2411
1897 12 -0.2991
1898 01 -0.0437
1898 02 -0.2816
1898 03 -0.6559
1898 04 -0.3539
1898 05 -0.2959
1898 06 -0.2086
1898 07 -0.2419
1898 08 -0.2282
1898 09 -0.1993
1898 10 -0.3258
1898 11 -0.2446
1898 12 -0.0139
1899 01 -0.1041
1899 02 -0.2895
1899 03 -0.2572
1899 04 -0.1987
1899 05 -0.1214
1899 06 -0.2007
1899 07 -0.1289
1899 08 -0.0621
1899 09 -0.0300
1899 10 0.0002
1899 11 0.1542
1899 12 -0.1681
1900 01 -0.2440
1900 02 -0.0942
1900 03 -0.0428
1900 04 -0.0970
1900 05 -0.0398
1900 06 -0.0505
1900 07 -0.0762
1900 08 -0.0730
1900 09 -0.0634
1900 10 0.0460
1900 11 -0.1385
1900 12 0.0288
1901 01 -0.1339
1901 02 -0.0768
1901 03 -0.0392
1901 04 -0.0701
1901 05 -0.1311
1901 06 -0.1322
1901 07 -0.1585
1901 08 -0.1365
1901 09 -0.2106
1901 10 -0.2858
1901 11 -0.1450
1901 12 -0.2459
1902 01 -0.0913
1902 02 -0.0412
1902 03 -0.2079
1902 04 -0.2750
1902 05 -0.2676
1902 06 -0.3418
1902 07 -0.2976
1902 08 -0.2718
1902 09 -0.2391
1902 10 -0.2880
1902 11 -0.3462
1902 12 -0.3748
1903 01 -0.2222
1903 02 -0.0917
1903 03 -0.2873
1903 04 -0.3628
1903 05 -0.3996
1903 06 -0.3801
1903 07 -0.3386
1903 08 -0.4398
1903 09 -0.3792
1903 10 -0.4387
1903 11 -0.3986
1903 12 -0.3913
1904 01 -0.5480
1904 02 -0.4726
1904 03 -0.5198
1904 04 -0.4746
1904 05 -0.4325
1904 06 -0.4458
1904 07 -0.4616
1904 08 -0.4345
1904 09 -0.4679
1904 10 -0.4121
1904 11 -0.1730
1904 12 -0.2454
1905 01 -0.3528
1905 02 -0.6245
1905 03 -0.3985
1905 04 -0.4583
1905 05 -0.2920
1905 06 -0.2546
1905 07 -0.1952
1905 08 -0.2304
1905 09 -0.2275
1905 10 -0.2999
1905 11 -0.0928
1905 12 -0.1344
1906 01 -0.1764
1906 02 -0.2402
1906 03 -0.1518
1906 04 -0.0584
1906 05 -0.2209
1906 06 -0.1781
1906 07 -0.2525
1906 08 -0.2384
1906 09 -0.3080
1906 10 -0.2836
1906 11 -0.3715
1906 12 -0.1696
1907 01 -0.3516
1907 02 -0.4091
1907 03 -0.2838
1907 04 -0.3587
1907 05 -0.4755
1907 06 -0.3785
1907 07 -0.3571
1907 08 -0.3410
1907 09 -0.3453
1907 10 -0.3099
1907 11 -0.5119
1907 12 -0.3984
1908 01 -0.3656
1908 02 -0.3809
1908 03 -0.6100
1908 04 -0.4860
1908 05 -0.4059
1908 06 -0.4093
1908 07 -0.3930
1908 08 -0.4841
1908 09 -0.4017
1908 10 -0.5209
1908 11 -0.4870
1908 12 -0.3846
1909 01 -0.5562
1909 02 -0.4640
1909 03 -0.5468
1909 04 -0.5332
1909 05 -0.4590
1909 06 -0.4219
1909 07 -0.4403
1909 08 -0.3117
1909 09 -0.3675
1909 10 -0.4023
1909 11 -0.2808
1909 12 -0.4142
1910 01 -0.3109
1910 02 -0.3688
1910 03 -0.4300
1910 04 -0.3477
1910 05 -0.3108
1910 06 -0.3610
1910 07 -0.3322
1910 08 -0.3390
1910 09 -0.3388
1910 10 -0.4253
1910 11 -0.4994
1910 12 -0.5703
1911 01 -0.5149
1911 02 -0.5351
1911 03 -0.5765
1911 04 -0.5166
1911 05 -0.4798
1911 06 -0.4458
1911 07 -0.4683
1911 08 -0.4557
1911 09 -0.3998
1911 10 -0.3436
1911 11 -0.2574
1911 12 -0.2466
1912 01 -0.2804
1912 02 -0.1158
1912 03 -0.3146
1912 04 -0.2081
1912 05 -0.2313
1912 06 -0.2632
1912 07 -0.3195
1912 08 -0.4541
1912 09 -0.4920
1912 10 -0.5224
1912 11 -0.4194
1912 12 -0.3605
1913 01 -0.3560
1913 02 -0.3931
1913 03 -0.4133
1913 04 -0.3550
1913 05 -0.4018
1913 06 -0.3837
1913 07 -0.3576
1913 08 -0.3315
1913 09 -0.3576
1913 10 -0.3150
1913 11 -0.1398
1913 12 -0.0415
1914 01 0.0917
1914 02 -0.1219
1914 03 -0.1666
1914 04 -0.2548
1914 05 -0.1708
1914 06 -0.1966
1914 07 -0.2113
1914 08 -0.1792
1914 09 -0.1866
1914 10 -0.1010
1914 11 -0.1284
1914 12 -0.1076
1915 01 -0.1394
1915 02 -0.0186
1915 03 -0.1108
1915 04 0.0162
1915 05 -0.0739
1915 06 -0.0924
1915 07 -0.0336
1915 08 -0.0781
1915 09 -0.1174
1915 10 -0.1763
1915 11 -0.0173
1915 12 -0.0550
1916 01 -0.1839
1916 02 -0.1814
1916 03 -0.3007
1916 04 -0.2052
1916 05 -0.2299
1916 06 -0.3894
1916 07 -0.2926
1916 08 -0.2795
1916 09 -0.2657
1916 10 -0.2690
1916 11 -0.3982
1916 12 -0.5796
1917 01 -0.4300
1917 02 -0.4794
1917 03 -0.4320
1917 04 -0.3203
1917 05 -0.4566
1917 06 -0.3473
1917 07 -0.1767
1917 08 -0.1794
1917 09 -0.0677
1917 10 -0.2663
1917 11 -0.1367
1917 12 -0.5386
1918 01 -0.2171
1918 02 -0.2920
1918 03 -0.1828
1918 04 -0.3016
1918 05 -0.2822
1918 06 -0.1795
1918 07 -0.2039
1918 08 -0.1782
1918 09 -0.1538
1918 10 -0.1033
1918 11 -0.1219
1918 12 -0.3256
1919 01 -0.2440
1919 02 -0.0602
1919 03 -0.2413
1919 04 -0.0749
1919 05 -0.1871
1919 06 -0.2384
1919 07 -0.2172
1919 08 -0.2108
1919 09 -0.1837
1919 10 -0.2219
1919 11 -0.3199
1919 12 -0.2992
1920 01 -0.1202
1920 02 -0.2287
1920 03 -0.0629
1920 04 -0.2147
1920 05 -0.1722
1920 06 -0.2589
1920 07 -0.2488
1920 08 -0.2330
1920 09 -0.1816
1920 10 -0.2138
1920 11 -0.2551
1920 12 -0.3920
1921 01 -0.0629
1921 02 -0.1528
1921 03 -0.2226
1921 04 -0.2087
1921 05 -0.1954
1921 06 -0.1695
1921 07 -0.1174
1921 08 -0.1964
1921 09 -0.1511
1921 10 -0.0691
1921 11 -0.1892
1921 12 -0.0847
1922 01 -0.3244
1922 02 -0.2923
1922 03 -0.0811
1922 04 -0.1313
1922 05 -0.2670
1922 06 -0.2837
1922 07 -0.2644
1922 08 -0.2802
1922 09 -0.2557
1922 10 -0.2506
1922 11 -0.1931
1922 12 -0.1573
1923 01 -0.2154
1923 02 -0.3758
1923 03 -0.2686
1923 04 -0.3400
1923 05 -0.2518
1923 06 -0.1959
1923 07 -0.2821
1923 08 -0.2826
1923 09 -0.2472
1923 10 -0.1624
1923 11 0.0273
1923 12 0.0019
1924 01 -0.2525
1924 02 -0.1888
1924 03 -0.1169
1924 04 -0.2471
1924 05 -0.1940
1924 06 -0.2279
1924 07 -0.2223
1924 08 -0.2915
1924 09 -0.2853
1924 10 -0.2891
1924 11 -0.2950
1924 12 -0.4021
1925 01 -0.3221
1925 02 -0.2780
1925 03 -0.1681
1925 04 -0.1619
1925 05 -0.2226
1925 06 -0.2288
1925 07 -0.2076
1925 08 -0.1346
1925 09 -0.1029
1925 10 -0.1281
1925 11 0.0604
1925 12 0.1375
1926 01 0.1703
1926 02 0.0856
1926 03 0.0792
1926 04 -0.1290
1926 05 -0.1303
1926 06 -0.1185
1926 07 -0.1547
1926 08 -0.0839
1926 09 -0.0999
1926 10 -0.0799
1926 11 -0.0747
1926 12 -0.2062
1927 01 -0.1679
1927 02 -0.1870
1927 03 -0.2517
1927 04 -0.2171
1927 05 -0.2243
1927 06 -0.1982
1927 07 -0.1009
1927 08 -0.1114
1927 09 -0.0259
1927 10 0.0205
1927 11 -0.0357
1927 12 -0.3070
1928 01 -0.0750
1928 02 -0.1423
1928 03 -0.2615
1928 04 -0.2441
1928 05 -0.1834
1928 06 -0.2756
1928 07 -0.1749
1928 08 -0.1973
1928 09 -0.1868
1928 10 -0.1230
1928 11 -0.0676
1928 12 -0.1668
1929 01 -0.4809
1929 02 -0.5443
1929 03 -0.2654
1929 04 -0.2995
1929 05 -0.2904
1929 06 -0.2753
1929 07 -0.2738
1929 08 -0.2093
1929 09 -0.2106
1929 10 -0.1190
1929 11 -0.0980
1929 12 -0.5120
1930 01 -0.3235
1930 02 -0.2063
1930 03 -0.0623
1930 04 -0.1966
1930 05 -0.2002
1930 06 -0.1132
1930 07 -0.0673
1930 08 -0.0859
1930 09 -0.1074
1930 10 -0.0013
1930 11 0.1380
1930 12 0.0063
1931 01 -0.0482
1931 02 -0.2238
1931 03 -0.0082
1931 04 -0.1615
1931 05 -0.1564
1931 06 -0.0235
1931 07 -0.0174
1931 08 0.0011
1931 09 -0.0002
1931 10 0.0075
1931 11 -0.1176
1931 12 -0.1090
1932 01 0.1530
1932 02 -0.1806
1932 03 -0.1880
1932 04 -0.0355
1932 05 -0.1724
1932 06 -0.1626
1932 07 -0.1258
1932 08 -0.1798
1932 09 -0.0752
1932 10 -0.0974
1932 11 -0.2012
1932 12 -0.1914
1933 01 -0.3120
1933 02 -0.3195
1933 03 -0.2511
1933 04 -0.2074
1933 05 -0.2144
1933 06 -0.2056
1933 07 -0.1849
1933 08 -0.1931
1933 09 -0.2256
1933 10 -0.1919
1933 11 -0.2596
1933 12 -0.4115
1934 01 -0.3166
1934 02 -0.0279
1934 03 -0.2604
1934 04 -0.2354
1934 05 -0.0514
1934 06 -0.0113
1934 07 -0.0965
1934 08 -0.0603
1934 09 -0.1283
1934 10 -0.0740
1934 11 0.0023
1934 12 -0.0296
1935 01 -0.2978
1935 02 0.1595
1935 03 -0.1521
1935 04 -0.2609
1935 05 -0.2102
1935 06 -0.1774
1935 07 -0.1219
1935 08 -0.1069
1935 09 -0.0964
1935 10 -0.0167
1935 11 -0.2743
1935 12 -0.1792
1936 01 -0.2582
1936 02 -0.3182
1936 03 -0.2140
1936 04 -0.1834
1936 05 -0.1216
1936 06 -0.1103
1936 07 -0.0166
1936 08 -0.0593
1936 09 -0.0449
1936 10 -0.0282
1936 11 -0.0315
1936 12 -0.0215
1937 01 -0.1738
1937 02 0.0337
1937 03 -0.1869
1937 04 -0.1283
1937 05 -0.0242
1937 06 0.0065
1937 07 -0.0057
1937 08 0.0881
1937 09 0.1269
1937 10 0.1082
1937 11 0.0055
1937 12 -0.0948
1938 01 -0.0414
1938 02 -0.0578
1938 03 0.0278
1938 04 0.0409
1938 05 -0.0221
1938 06 -0.0969
1938 07 -0.0539
1938 08 -0.0185
1938 09 0.0265
1938 10 0.0704
1938 11 0.0006
1938 12 -0.2570
1939 01 -0.1686
1939 02 -0.1142
1939 03 -0.1900
1939 04 -0.1307
1939 05 -0.0399
1939 06 -0.0129
1939 07 0.0037
1939 08 0.0542
1939 09 0.0085
1939 10 -0.0452
1939 11 0.0434
1939 12 0.4036
1940 01 -0.1261
1940 02 0.0491
1940 03 0.0665
1940 04 0.1269
1940 05 0.0535
1940 06 0.1012
1940 07 0.1442
1940 08 0.0893
1940 09 0.1456
1940 10 0.0973
1940 11 0.0996
1940 12 0.2651
1941 01 0.1803
1941 02 0.2294
1941 03 0.1034
1941 04 0.2249
1941 05 0.2473
1941 06 0.1617
1941 07 0.2081
1941 08 0.1772
1941 09 0.0891
1941 10 0.3154
1941 11 0.2239
1941 12 0.2085
1942 01 0.2979
1942 02 0.0991
1942 03 0.1785
1942 04 0.1883
1942 05 0.1677
1942 06 0.2107
1942 07 0.0801
1942 08 0.0456
1942 09 0.1195
1942 10 0.1504
1942 11 0.1691
1942 12 0.1524
1943 01 -0.0262
1943 02 0.1695
1943 03 0.0775
1943 04 0.1717
1943 05 0.1360
1943 06 0.0284
1943 07 0.1888
1943 08 0.1006
1943 09 0.1456
1943 10 0.3186
1943 11 0.2492
1943 12 0.3583
1944 01 0.4248
1944 02 0.3038
1944 03 0.3685
1944 04 0.2723
1944 05 0.2731
1944 06 0.3381
1944 07 0.3187
1944 08 0.2790
1944 09 0.3864
1944 10 0.3200
1944 11 0.1519
1944 12 0.1009
1945 01 0.1570
1945 02 0.0184
1945 03 0.1129
1945 04 0.2810
1945 05 0.1834
1945 06 0.1468
1945 07 0.1704
1945 08 0.3586
1945 09 0.2614
1945 10 0.2613
1945 11 0.1980
1945 12 -0.0444
1946 01 0.2239
1946 02 0.0908
1946 03 0.0038
1946 04 0.1787
1946 05 -0.0258
1946 06 -0.0965
1946 07 -0.0325
1946 08 -0.0648
1946 09 -0.0150
1946 10 -0.0058
1946 11 -0.0100
1946 12 -0.2625
1947 01 -0.1798
1947 02 -0.0754
1947 03 -0.0062
1947 04 0.0182
1947 05 -0.0159
1947 06 0.0207
1947 07 -0.0098
1947 08 -0.0606
1947 09 -0.1283
1947 10 0.0573
1947 11 -0.0214
1947 12 -0.1444
1948 01 0.0526
1948 02 -0.0925
1948 03 -0.1859
1948 04 -0.0636
1948 05 0.1501
1948 06 -0.0097
1948 07 -0.0592
1948 08 -0.0222
1948 09 -0.0995
1948 10 -0.0644
1948 11 -0.0577
1948 12 -0.1129
1949 01 0.1241
1949 02 -0.1453
1949 03 -0.0702
1949 04 0.0086
1949 05 -0.0044
1949 06 -0.1470
1949 07 -0.0744
1949 08 -0.0194
1949 09 -0.0665
1949 10 -0.0294
1949 11 -0.0540
1949 12 -0.1817
1950 01 -0.2760
1950 02 -0.2360
1950 03 -0.0822
1950 04 -0.1667
1950 05 -0.0503
1950 06 -0.0529
1950 07 -0.0997
1950 08 -0.1338
1950 09 -0.0999
1950 10 -0.1621
1950 11 -0.3579
1950 12 -0.1770
1951 01 -0.2881
1951 02 -0.4064
1951 03 -0.1646
1951 04 -0.0844
1951 05 0.0611
1951 06 0.0423
1951 07 0.1142
1951 08 0.1170
1951 09 0.1373
1951 10 0.1118
1951 11 0.0286
1951 12 0.2176
1952 01 0.1552
1952 02 0.0949
1952 03 -0.0446
1952 04 0.0707
1952 05 0.0380
1952 06 0.0443
1952 07 0.0769
1952 08 0.0700
1952 09 0.0713
1952 10 -0.0328
1952 11 -0.1940
1952 12 -0.0045
1953 01 0.1054
1953 02 0.1577
1953 03 0.1588
1953 04 0.1915
1953 05 0.1490
1953 06 0.1292
1953 07 0.0715
1953 08 0.0852
1953 09 0.0692
1953 10 0.0762
1953 11 -0.0573
1953 12 0.0600
1954 01 -0.2315
1954 02 -0.0825
1954 03 -0.0860
1954 04 -0.1715
1954 05 -0.1967
1954 06 -0.1107
1954 07 -0.1176
1954 08 -0.0859
1954 09 -0.0552
1954 10 -0.0659
1954 11 0.0434
1954 12 -0.1812
1955 01 0.0930
1955 02 -0.1254
1955 03 -0.3052
1955 04 -0.2344
1955 05 -0.1210
1955 06 -0.0649
1955 07 -0.0824
1955 08 -0.0203
1955 09 -0.0879
1955 10 -0.1195
1955 11 -0.2330
1955 12 -0.2653
1956 01 -0.1724
1956 02 -0.2684
1956 03 -0.1949
1956 04 -0.2811
1956 05 -0.2224
1956 06 -0.1379
1956 07 -0.1301
1956 08 -0.1834
1956 09 -0.2485
1956 10 -0.1952
1956 11 -0.1503
1956 12 -0.1490
1957 01 -0.1133
1957 02 -0.1067
1957 03 -0.0631
1957 04 -0.0134
1957 05 0.1148
1957 06 0.1632
1957 07 0.0643
1957 08 0.1351
1957 09 0.0786
1957 10 0.0193
1957 11 0.1321
1957 12 0.2342
1958 01 0.3012
1958 02 0.2152
1958 03 0.1231
1958 04 0.1185
1958 05 0.1078
1958 06 0.0689
1958 07 0.0708
1958 08 0.0566
1958 09 0.0233
1958 10 0.0444
1958 11 0.0949
1958 12 0.1496
1959 01 0.1295
1959 02 0.0711
1959 03 0.2099
1959 04 0.1216
1959 05 0.0321
1959 06 0.0899
1959 07 0.0720
1959 08 0.0567
1959 09 0.1015
1959 10 -0.0091
1959 11 -0.0757
1959 12 -0.0310
1960 01 0.0066
1960 02 0.1934
1960 03 -0.2000
1960 04 -0.0922
1960 05 -0.0789
1960 06 0.0810
1960 07 0.0390
1960 08 0.0518
1960 09 0.0683
1960 10 0.0441
1960 11 -0.0428
1960 12 0.2315
1961 01 0.1240
1961 02 0.1818
1961 03 0.1693
1961 04 0.1378
1961 05 0.1669
1961 06 0.1525
1961 07 0.0392
1961 08 0.0347
1961 09 -0.0007
1961 10 -0.0314
1961 11 0.0216
1961 12 -0.0141
1962 01 0.1381
1962 02 0.1732
1962 03 0.1244
1962 04 0.0799
1962 05 0.0628
1962 06 0.0613
1962 07 0.0929
1962 08 0.0582
1962 09 0.0651
1962 10 0.0834
1962 11 0.0784
1962 12 0.0906
1963 01 0.0406
1963 02 0.2590
1963 03 -0.0187
1963 04 -0.0006
1963 05 0.0162
1963 06 0.0525
1963 07 0.1412
1963 08 0.1612
1963 09 0.1674
1963 10 0.2181
1963 11 0.1977
1963 12 0.0853
1964 01 0.0525
1964 02 -0.1010
1964 03 -0.1374
1964 04 -0.1806
1964 05 -0.0947
1964 06 -0.0901
1964 07 -0.1083
1964 08 -0.1627
1964 09 -0.2070
1964 10 -0.2631
1964 11 -0.1995
1964 12 -0.2614
1965 01 -0.0680
1965 02 -0.1936
1965 03 -0.0959
1965 04 -0.1840
1965 05 -0.0751
1965 06 -0.0419
1965 07 -0.0815
1965 08 -0.0432
1965 09 -0.0470
1965 10 0.0263
1965 11 -0.0877
1965 12 -0.0102
1966 01 -0.0435
1966 02 -0.0356
1966 03 -0.0001
1966 04 -0.0883
1966 05 -0.0335
1966 06 0.0604
1966 07 0.0680
1966 08 0.0208
1966 09 0.0283
1966 10 -0.0562
1966 11 -0.0441
1966 12 -0.1211
1967 01 -0.1048
1967 02 -0.1634
1967 03 0.0056
1967 04 0.0080
1967 05 0.1267
1967 06 -0.0279
1967 07 -0.0171
1967 08 -0.0033
1967 09 -0.0293
1967 10 0.1306
1967 11 -0.0195
1967 12 -0.0397
1968 01 -0.1856
1968 02 -0.1238
1968 03 0.1521
1968 04 -0.0687
1968 05 -0.0778
1968 06 -0.0145
1968 07 -0.0195
1968 08 -0.0134
1968 09 -0.0100
1968 10 0.0481
1968 11 0.0164
1968 12 -0.0417
1969 01 -0.1285
1969 02 -0.1028
1969 03 0.1230
1969 04 0.1944
1969 05 0.1765
1969 06 0.0772
1969 07 0.0927
1969 08 0.0962
1969 09 0.0853
1969 10 0.0714
1969 11 0.1907
1969 12 0.2478
1970 01 0.1221
1970 02 0.2364
1970 03 0.0340
1970 04 0.1325
1970 05 0.0435
1970 06 0.0304
1970 07 -0.0224
1970 08 -0.0190
1970 09 0.0080
1970 10 -0.0365
1970 11 0.0237
1970 12 -0.0936
1971 01 -0.0040
1971 02 -0.2133
1971 03 -0.1395
1971 04 -0.1287
1971 05 -0.0885
1971 06 -0.1238
1971 07 -0.0631
1971 08 -0.0686
1971 09 -0.0430
1971 10 -0.0755
1971 11 0.0382
1971 12 -0.0206
1972 01 -0.2413
1972 02 -0.1596
1972 03 0.0038
1972 04 0.0375
1972 05 0.0165
1972 06 0.0789
1972 07 0.0652
1972 08 0.0879
1972 09 0.0235
1972 10 0.0902
1972 11 0.0797
1972 12 0.2542
1973 01 0.2602
1973 02 0.3743
1973 03 0.3335
1973 04 0.2532
1973 05 0.2173
1973 06 0.1985
1973 07 0.1165
1973 08 0.0777
1973 09 0.0564
1973 10 0.0455
1973 11 0.0233
1973 12 0.0284
1974 01 -0.1932
1974 02 -0.2525
1974 03 -0.0473
1974 04 -0.0393
1974 05 -0.0220
1974 06 -0.0359
1974 07 0.0200
1974 08 0.0135
1974 09 -0.0405
1974 10 -0.0802
1974 11 -0.0661
1974 12 -0.0946
1975 01 0.1224
1975 02 0.0352
1975 03 0.1129
1975 04 0.0811
1975 05 0.0722
1975 06 0.0366
1975 07 0.0080
1975 08 -0.0651
1975 09 0.0209
1975 10 -0.1215
1975 11 -0.1433
1975 12 -0.0873
1976 01 -0.0158
1976 02 -0.1197
1976 03 -0.2358
1976 04 -0.0199
1976 05 -0.1197
1976 06 -0.0720
1976 07 -0.0833
1976 08 -0.0876
1976 09 -0.0408
1976 10 -0.1802
1976 11 -0.0406
1976 12 0.0925
1977 01 0.0668
1977 02 0.2403
1977 03 0.3139
1977 04 0.2845
1977 05 0.2411
1977 06 0.2490
1977 07 0.1755
1977 08 0.1426
1977 09 0.1867
1977 10 0.1192
1977 11 0.2610
1977 12 0.1142
1978 01 0.1632
1978 02 0.1332
1978 03 0.2261
1978 04 0.1351
1978 05 0.0615
1978 06 0.0533
1978 07 0.0704
1978 08 0.0041
1978 09 0.0749
1978 10 0.0654
1978 11 0.2261
1978 12 0.1529
1979 01 0.1626
1979 02 0.0954
1979 03 0.2460
1979 04 0.1132
1979 05 0.1585
1979 06 0.2189
1979 07 0.1749
1979 08 0.2274
1979 09 0.2526
1979 10 0.2963
1979 11 0.2952
1979 12 0.5049
1980 01 0.3100
1980 02 0.3526
1980 03 0.2416
1980 04 0.3105
1980 05 0.3176
1980 06 0.2495
1980 07 0.2173
1980 08 0.1964
1980 09 0.2010
1980 10 0.1833
1980 11 0.3327
1980 12 0.2688
1981 01 0.4673
1981 02 0.3642
1981 03 0.4123
1981 04 0.3600
1981 05 0.2645
1981 06 0.2874
1981 07 0.2287
1981 08 0.2449
1981 09 0.1883
1981 10 0.1712
1981 11 0.2158
1981 12 0.4238
1982 01 0.1361
1982 02 0.1607
1982 03 0.0868
1982 04 0.2081
1982 05 0.1954
1982 06 0.1259
1982 07 0.1452
1982 08 0.1420
1982 09 0.2351
1982 10 0.1791
1982 11 0.1513
1982 12 0.4375
1983 01 0.5192
1983 02 0.4852
1983 03 0.4283
1983 04 0.2949
1983 05 0.2907
1983 06 0.2654
1983 07 0.2665
1983 08 0.3235
1983 09 0.3187
1983 10 0.2125
1983 11 0.4329
1983 12 0.2766
1984 01 0.2865
1984 02 0.1778
1984 03 0.2753
1984 04 0.1524
1984 05 0.2864
1984 06 0.1320
1984 07 0.1203
1984 08 0.1691
1984 09 0.1449
1984 10 0.1204
1984 11 0.0381
1984 12 -0.0909
1985 01 0.1805
1985 02 0.0197
1985 03 0.1900
1985 04 0.1509
1985 05 0.1974
1985 06 0.1307
1985 07 0.0786
1985 08 0.1292
1985 09 0.1021
1985 10 0.1314
1985 11 0.1189
1985 12 0.1995
1986 01 0.3258
1986 02 0.2808
1986 03 0.2993
1986 04 0.2627
1986 05 0.2520
1986 06 0.2543
1986 07 0.1689
1986 08 0.1691
1986 09 0.1724
1986 10 0.2077
1986 11 0.1560
1986 12 0.2206
1987 01 0.3136
1987 02 0.5043
1987 03 0.2563
1987 04 0.3032
1987 05 0.3349
1987 06 0.3029
1987 07 0.4194
1987 08 0.3832
1987 09 0.4331
1987 10 0.3366
1987 11 0.3325
1987 12 0.5318
1988 01 0.5498
1988 02 0.3910
1988 03 0.4867
1988 04 0.4447
1988 05 0.3818
1988 06 0.3880
1988 07 0.3435
1988 08 0.3208
1988 09 0.3218
1988 10 0.3018
1988 11 0.2301
1988 12 0.3642
1989 01 0.2162
1989 02 0.3078
1989 03 0.3380
1989 04 0.2904
1989 05 0.2778
1989 06 0.2739
1989 07 0.3026
1989 08 0.3029
1989 09 0.3041
1989 10 0.3060
1989 11 0.2556
1989 12 0.4025
1990 01 0.3645
1990 02 0.4093
1990 03 0.7362
1990 04 0.4938
1990 05 0.4300
1990 06 0.4140
1990 07 0.3468
1990 08 0.3492
1990 09 0.3159
1990 10 0.4296
1990 11 0.4809
1990 12 0.4494
1991 01 0.4552
1991 02 0.4710
1991 03 0.3695
1991 04 0.5190
1991 05 0.4141
1991 06 0.4828
1991 07 0.4475
1991 08 0.3891
1991 09 0.3874
1991 10 0.3312
1991 11 0.3206
1991 12 0.3072
1992 01 0.4728
1992 02 0.4514
1992 03 0.4348
1992 04 0.2945
1992 05 0.3291
1992 06 0.2833
1992 07 0.1358
1992 08 0.1400
1992 09 0.0606
1992 10 0.1162
1992 11 0.0957
1992 12 0.2853
1993 01 0.3853
1993 02 0.3972
1993 03 0.4214
1993 04 0.3166
1993 05 0.3445
1993 06 0.2927
1993 07 0.2331
1993 08 0.2115
1993 09 0.1697
1993 10 0.2427
1993 11 0.0947
1993 12 0.3184
1994 01 0.2926
1994 02 0.0811
1994 03 0.3569
1994 04 0.3613
1994 05 0.3835
1994 06 0.3861
1994 07 0.3154
1994 08 0.3116
1994 09 0.3292
1994 10 0.4269
1994 11 0.4549
1994 12 0.4050
1995 01 0.5522
1995 02 0.6920
1995 03 0.4642
1995 04 0.4111
1995 05 0.3575
1995 06 0.4656
1995 07 0.4313
1995 08 0.5069
1995 09 0.3870
1995 10 0.4386
1995 11 0.4571
1995 12 0.3481
1996 01 0.2640
1996 02 0.4576
1996 03 0.3238
1996 04 0.2736
1996 05 0.3880
1996 06 0.3541
1996 07 0.3222
1996 08 0.3195
1996 09 0.2687
1996 10 0.2278
1996 11 0.2814
1996 12 0.3895
1997 01 0.3762
1997 02 0.4291
1997 03 0.4639
1997 04 0.4560
1997 05 0.4233
1997 06 0.5298
1997 07 0.5090
1997 08 0.5481
1997 09 0.6251
1997 10 0.6480
1997 11 0.5860
1997 12 0.6280
1998 01 0.6050
1998 02 0.8642
1998 03 0.6404
1998 04 0.7343
1998 05 0.6668
1998 06 0.6640
1998 07 0.7342
1998 08 0.6810
1998 09 0.5249
1998 10 0.4954
1998 11 0.4111
1998 12 0.5808
1999 01 0.4985
1999 02 0.6709
1999 03 0.3700
1999 04 0.4559
1999 05 0.4077
1999 06 0.4193
1999 07 0.4025
1999 08 0.3684
1999 09 0.3981
1999 10 0.3759
1999 11 0.3681
1999 12 0.5770
2000 01 0.3441
2000 02 0.5421
2000 03 0.5530
2000 04 0.6305
2000 05 0.4628
2000 06 0.4073
2000 07 0.3892
2000 08 0.4547
2000 09 0.4378
2000 10 0.3040
2000 11 0.2579
2000 12 0.3220
2001 01 0.4729
2001 02 0.3936
2001 03 0.6288
2001 04 0.5630
2001 05 0.5980
2001 06 0.5351
2001 07 0.5549
2001 08 0.6014
2001 09 0.5025
2001 10 0.4996
2001 11 0.6864
2001 12 0.5100
2002 01 0.7016
2002 02 0.7836
2002 03 0.7870
2002 04 0.5690
2002 05 0.5603
2002 06 0.5874
2002 07 0.6224
2002 08 0.5375
2002 09 0.5658
2002 10 0.4803
2002 11 0.5910
2002 12 0.4353
2003 01 0.6912
2003 02 0.5620
2003 03 0.5697
2003 04 0.5600
2003 05 0.5952
2003 06 0.5407
2003 07 0.5433
2003 08 0.6214
2003 09 0.6426
2003 10 0.7304
2003 11 0.5797
2003 12 0.7381
2004 01 0.5974
2004 02 0.7240
2004 03 0.7004
2004 04 0.5972
2004 05 0.4506
2004 06 0.4730
2004 07 0.4828
2004 08 0.5181
2004 09 0.5329
2004 10 0.6188
2004 11 0.7614
2004 12 0.5108
2005 01 0.6244
2005 02 0.5157
2005 03 0.6899
2005 04 0.7299
2005 05 0.6578
2005 06 0.6723
2005 07 0.6564
2005 08 0.6250
2005 09 0.6877
2005 10 0.6927
2005 11 0.7272
2005 12 0.6208
2006 01 0.4630
2006 02 0.6215
2006 03 0.5955
2006 04 0.5187
2006 05 0.5497
2006 06 0.6407
2006 07 0.6225
2006 08 0.6270
2006 09 0.6339
2006 10 0.6792
2006 11 0.6451
2006 12 0.7698
2007 01 0.8857
2007 02 0.6657
2007 03 0.6705
2007 04 0.7339
2007 05 0.6088
2007 06 0.5387
2007 07 0.5296
2007 08 0.5504
2007 09 0.5787
2007 10 0.5679
2007 11 0.5174
2007 12 0.4888
2008 01 0.2755
2008 02 0.3769
2008 03 0.7644
2008 04 0.4815
2008 05 0.5008
2008 06 0.5305
2008 07 0.5760
2008 08 0.5590
2008 09 0.5306
2008 10 0.6680
2008 11 0.6704
2008 12 0.5644
2009 01 0.5943
2009 02 0.5604
2009 03 0.5779
2009 04 0.6532
2009 05 0.5887
2009 06 0.6733
2009 07 0.6384
2009 08 0.6996
2009 09 0.7081
2009 10 0.6423
2009 11 0.6713
2009 12 0.6168
2010 01 0.6984
2010 02 0.7088
2010 03 0.8451
2010 04 0.8290
2010 05 0.7575
2010 06 0.7320
2010 07 0.7255
2010 08 0.6576
2010 09 0.5727
2010 10 0.6274
2010 11 0.7704
2010 12 0.4853
2011 01 0.4665
2011 02 0.4937
2011 03 0.5881
2011 04 0.6504
2011 05 0.5736
2011 06 0.6410
2011 07 0.6235
2011 08 0.6110
2011 09 0.5980
2011 10 0.6351
2011 11 0.4830
2011 12 0.5468
2012 01 0.4200
2012 02 0.4195
2012 03 0.5181
2012 04 0.7295
2012 05 0.7202
2012 06 0.7001
2012 07 0.6853
2012 08 0.6672
2012 09 0.7262
2012 10 0.7016
2012 11 0.7080
2012 12 0.4670
2013 01 0.5869
2013 02 0.6378
2013 03 0.6141
2013 04 0.5624
2013 05 0.7150
2013 06 0.6833
2013 07 0.6674
2013 08 0.6607
2013 09 0.6860
2013 10 0.6815
2013 11 0.8292
2013 12 0.7000
2014 01 0.6951
2014 02 0.4782
2014 03 0.7709
2014 04 0.7986
2014 05 0.7951
2014 06 0.7605
2014 07 0.6937
2014 08 0.7966
2014 09 0.7877
2014 10 0.7845
2014 11 0.6896
2014 12 0.8319
2015 01 0.8143
2015 02 0.8836
2015 03 0.8973
2015 04 0.7737
2015 05 0.8603
2015 06 0.8813
2015 07 0.8043
2015 08 0.8744
2015 09 0.9221
2015 10 0.9910
2015 11 0.9648
2015 12 1.1205
2016 01 1.0530
2016 02 1.1873
2016 03 1.2252
2016 04 1.0685
2016 05 0.8809
2016 06 0.8910
2016 07 0.8580
2016 08 0.8907
2016 09 0.8739
2016 10 0.7301
