Glob al Land and Ocean Temperature Anomalies
Unit s: Degrees Celsius
Base  P riod: 1901-2000
Year ,V lue
1880 01 -0.0104
1880 02 -0.1317
1880 03 -0.1486
1880 04 -0.0623
1880 05 -0.0886
1880 06 -0.1790
1880 07 -0.1617
1880 08 -0.0851
1880 09 -0.0950
1880 10 -0.1922
1880 11 -0.2770
1880 12 -0.0903
1881 01 -0.0332
1881 02 -0.0417
1881 03 0.0186
1881 04 0.0588
1881 05 0.0147
1881 06 -0.1048
1881 07 -0.0494
1881 08 -0.0632
1881 09 -0.1905
1881 10 -0.2315
1881 11 -0.2273
1881 12 -0.0543
1882 01 0.0813
1882 02 0.0294
1882 03 0.0659
1882 04 -0.1339
1882 05 -0.1576
1882 06 -0.1470
1882 07 -0.0733
1882 08 -0.0149
1882 09 0.0016
1882 10 -0.2177
1882 11 -0.1345
1882 12 -0.1786
1883 01 -0.2759
1883 02 -0.2987
1883 03 -0.1385
1883 04 -0.1804
1883 05 -0.1517
1883 06 -0.0135
1883 07 -0.0903
1883 08 -0.0607
1883 09 -0.1537
1883 10 -0.1706
1883 11 -0.1773
1883 12 -0.0861
1884 01 -0.1953
1884 02 -0.1544
1884 03 -0.2168
1884 04 -0.1908
1884 05 -0.1395
1884 06 -0.2058
1884 07 -0.3090
1884 08 -0.2795
1884 09 -0.2349
1884 10 -0.1836
1884 11 -0.2814
1884 12 -0.1602
1885 01 -0.4392
1885 02 -0.2717
1885 03 -0.1619
1885 04 -0.2704
1885 05 -0.2942
1885 06 -0.3233
1885 07 -0.2531
1885 08 -0.2570
1885 09 -0.2115
1885 10 -0.1425
1885 11 -0.1405
1885 12 0.0345
1886 01 -0.1227
1886 02 -0.2927
1886 03 -0.2950
1886 04 -0.1818
1886 05 -0.1697
1886 06 -0.2572
1886 07 -0.1734
1886 08 -0.2275
1886 09 -0.2046
1886 10 -0.2395
1886 11 -0.2076
1886 12 -0.1720
1887 01 -0.3940
1887 02 -0.3888
1887 03 -0.1766
1887 04 -0.2062
1887 05 -0.2531
1887 06 -0.2299
1887 07 -0.2817
1887 08 -0.3267
1887 09 -0.1956
1887 10 -0.3090
1887 11 -0.1720
1887 12 -0.2086
1888 01 -0.4034
1888 02 -0.3410
1888 03 -0.3197
1888 04 -0.1887
1888 05 -0.1712
1888 06 -0.1066
1888 07 -0.1316
1888 08 -0.1734
1888 09 -0.0766
1888 10 0.0062
1888 11 -0.0552
1888 12 0.0315
1889 01 -0.1072
1889 02 -0.0016
1889 03 0.1042
1889 04 0.0372
1889 05 -0.0380
1889 06 -0.0837
1889 07 -0.1704
1889 08 -0.1564
1889 09 -0.2403
1889 10 -0.2049
1889 11 -0.2934
1889 12 -0.1879
1890 01 -0.3707
1890 02 -0.4430
1890 03 -0.3230
1890 04 -0.2748
1890 05 -0.3975
1890 06 -0.3080
1890 07 -0.2980
1890 08 -0.3405
1890 09 -0.3574
1890 10 -0.3064
1890 11 -0.3532
1890 12 -0.2512
1891 01 -0.3935
1891 02 -0.5333
1891 03 -0.2235
1891 04 -0.2687
1891 05 -0.1480
1891 06 -0.2123
1891 07 -0.2294
1891 08 -0.2379
1891 09 -0.1606
1891 10 -0.3030
1891 11 -0.4021
1891 12 -0.0515
1892 01 -0.2543
1892 02 -0.1415
1892 03 -0.3208
1892 04 -0.3237
1892 05 -0.3149
1892 06 -0.2962
1892 07 -0.3605
1892 08 -0.3440
1892 09 -0.2334
1892 10 -0.2581
1892 11 -0.4801
1892 12 -0.4819
1893 01 -0.6885
1893 02 -0.6251
1893 03 -0.2341
1893 04 -0.3564
1893 05 -0.3500
1893 06 -0.2504
1893 07 -0.2095
1893 08 -0.3337
1893 09 -0.2702
1893 10 -0.2203
1893 11 -0.1737
1893 12 -0.2570
1894 01 -0.4430
1894 02 -0.2281
1894 03 -0.2127
1894 04 -0.3117
1894 05 -0.3119
1894 06 -0.3584
1894 07 -0.2807
1894 08 -0.2797
1894 09 -0.2610
1894 10 -0.2234
1894 11 -0.3042
1894 12 -0.2450
1895 01 -0.4479
1895 02 -0.4243
1895 03 -0.2935
1895 04 -0.1924
1895 05 -0.2168
1895 06 -0.3050
1895 07 -0.2094
1895 08 -0.2334
1895 09 -0.1407
1895 10 -0.1390
1895 11 -0.1658
1895 12 -0.0778
1896 01 -0.1112
1896 02 -0.0860
1896 03 -0.2147
1896 04 -0.2704
1896 05 -0.1103
1896 06 -0.0990
1896 07 -0.0562
1896 08 -0.0784
1896 09 -0.0740
1896 10 -0.0127
1896 11 -0.1711
1896 12 0.0446
1897 01 -0.1941
1897 02 -0.1210
1897 03 -0.1956
1897 04 -0.0135
1897 05 -0.0333
1897 06 -0.1099
1897 07 -0.0471
1897 08 -0.0824
1897 09 -0.0326
1897 10 -0.1685
1897 11 -0.2667
1897 12 -0.3049
1898 01 -0.0492
1898 02 -0.2876
1898 03 -0.6636
1898 04 -0.3565
1898 05 -0.2971
1898 06 -0.2165
1898 07 -0.2475
1898 08 -0.2345
1898 09 -0.2036
1898 10 -0.3292
1898 11 -0.2465
1898 12 -0.0148
1899 01 -0.1074
1899 02 -0.2889
1899 03 -0.2630
1899 04 -0.2012
1899 05 -0.1270
1899 06 -0.2082
1899 07 -0.1350
1899 08 -0.0711
1899 09 -0.0361
1899 10 -0.0344
1899 11 0.1225
1899 12 -0.1723
1900 01 -0.2483
1900 02 -0.1011
1900 03 -0.0513
1900 04 -0.1025
1900 05 -0.0437
1900 06 -0.0515
1900 07 -0.0796
1900 08 -0.0768
1900 09 -0.0683
1900 10 0.0405
1900 11 -0.1425
1900 12 0.0242
1901 01 -0.1329
1901 02 -0.0846
1901 03 -0.0360
1901 04 -0.0698
1901 05 -0.1307
1901 06 -0.1364
1901 07 -0.1576
1901 08 -0.1380
1901 09 -0.2109
1901 10 -0.2860
1901 11 -0.1451
1901 12 -0.2443
1902 01 -0.0926
1902 02 -0.0425
1902 03 -0.2019
1902 04 -0.2733
1902 05 -0.2674
1902 06 -0.3425
1902 07 -0.2962
1902 08 -0.2681
1902 09 -0.2389
1902 10 -0.2869
1902 11 -0.3468
1902 12 -0.3738
1903 01 -0.2181
1903 02 -0.0920
1903 03 -0.2869
1903 04 -0.3592
1903 05 -0.3962
1903 06 -0.3814
1903 07 -0.3423
1903 08 -0.4369
1903 09 -0.3791
1903 10 -0.4397
1903 11 -0.3974
1903 12 -0.3902
1904 01 -0.5434
1904 02 -0.4665
1904 03 -0.5146
1904 04 -0.4754
1904 05 -0.4314
1904 06 -0.4428
1904 07 -0.4603
1904 08 -0.4302
1904 09 -0.4649
1904 10 -0.4074
1904 11 -0.1686
1904 12 -0.2432
1905 01 -0.3551
1905 02 -0.6197
1905 03 -0.3916
1905 04 -0.4496
1905 05 -0.2896
1905 06 -0.2473
1905 07 -0.1881
1905 08 -0.2210
1905 09 -0.2186
1905 10 -0.2929
1905 11 -0.0880
1905 12 -0.1298
1906 01 -0.1726
1906 02 -0.2346
1906 03 -0.1430
1906 04 -0.0447
1906 05 -0.2114
1906 06 -0.1724
1906 07 -0.2439
1906 08 -0.2292
1906 09 -0.3002
1906 10 -0.2739
1906 11 -0.3627
1906 12 -0.1584
1907 01 -0.3404
1907 02 -0.3983
1907 03 -0.2720
1907 04 -0.3469
1907 05 -0.4633
1907 06 -0.3708
1907 07 -0.3492
1907 08 -0.3336
1907 09 -0.3383
1907 10 -0.3020
1907 11 -0.5013
1907 12 -0.3879
1908 01 -0.3576
1908 02 -0.3721
1908 03 -0.6027
1908 04 -0.4791
1908 05 -0.3978
1908 06 -0.4048
1908 07 -0.3850
1908 08 -0.4758
1908 09 -0.3925
1908 10 -0.5121
1908 11 -0.4819
1908 12 -0.3807
1909 01 -0.5453
1909 02 -0.4521
1909 03 -0.5372
1909 04 -0.5218
1909 05 -0.4485
1909 06 -0.4119
1909 07 -0.4308
1909 08 -0.3019
1909 09 -0.3586
1909 10 -0.3878
1909 11 -0.2701
1909 12 -0.4040
1910 01 -0.2988
1910 02 -0.3556
1910 03 -0.4142
1910 04 -0.3330
1910 05 -0.2981
1910 06 -0.3488
1910 07 -0.3219
1910 08 -0.3270
1910 09 -0.3274
1910 10 -0.4153
1910 11 -0.4934
1910 12 -0.5575
1911 01 -0.5047
1911 02 -0.5235
1911 03 -0.5638
1911 04 -0.5041
1911 05 -0.4692
1911 06 -0.4403
1911 07 -0.4585
1911 08 -0.4469
1911 09 -0.3908
1911 10 -0.3358
1911 11 -0.2497
1911 12 -0.2358
1912 01 -0.2718
1912 02 -0.1018
1912 03 -0.3049
1912 04 -0.1938
1912 05 -0.2171
1912 06 -0.2515
1912 07 -0.3083
1912 08 -0.4449
1912 09 -0.4985
1912 10 -0.5129
1912 11 -0.4052
1912 12 -0.3499
1913 01 -0.3467
1913 02 -0.3839
1913 03 -0.4014
1913 04 -0.3435
1913 05 -0.3860
1913 06 -0.3715
1913 07 -0.3484
1913 08 -0.3211
1913 09 -0.3493
1913 10 -0.3050
1913 11 -0.1283
1913 12 -0.0339
1914 01 0.1008
1914 02 -0.1128
1914 03 -0.1566
1914 04 -0.2413
1914 05 -0.1593
1914 06 -0.1881
1914 07 -0.2021
1914 08 -0.1696
1914 09 -0.1736
1914 10 -0.0899
1914 11 -0.1148
1914 12 -0.0950
1915 01 -0.1327
1915 02 -0.0061
1915 03 -0.0950
1915 04 0.0276
1915 05 -0.0634
1915 06 -0.0796
1915 07 -0.0228
1915 08 -0.0670
1915 09 -0.1093
1915 10 -0.1676
1915 11 -0.0069
1915 12 -0.0484
1916 01 -0.1770
1916 02 -0.1719
1916 03 -0.2915
1916 04 -0.1928
1916 05 -0.2197
1916 06 -0.3790
1916 07 -0.2819
1916 08 -0.2710
1916 09 -0.2560
1916 10 -0.2599
1916 11 -0.3883
1916 12 -0.5689
1917 01 -0.4231
1917 02 -0.4632
1917 03 -0.4216
1917 04 -0.3057
1917 05 -0.4430
1917 06 -0.3338
1917 07 -0.1640
1917 08 -0.1656
1917 09 -0.0526
1917 10 -0.2520
1917 11 -0.1241
1917 12 -0.5255
1918 01 -0.2050
1918 02 -0.2818
1918 03 -0.1719
1918 04 -0.2894
1918 05 -0.2714
1918 06 -0.1707
1918 07 -0.1928
1918 08 -0.1673
1918 09 -0.1386
1918 10 -0.0875
1918 11 -0.1019
1918 12 -0.3120
1919 01 -0.2346
1919 02 -0.0480
1919 03 -0.2307
1919 04 -0.0622
1919 05 -0.1754
1919 06 -0.2267
1919 07 -0.2055
1919 08 -0.2024
1919 09 -0.1726
1919 10 -0.2146
1919 11 -0.3120
1919 12 -0.2909
1920 01 -0.1099
1920 02 -0.2187
1920 03 -0.0539
1920 04 -0.2036
1920 05 -0.1638
1920 06 -0.2498
1920 07 -0.2358
1920 08 -0.2208
1920 09 -0.1686
1920 10 -0.2024
1920 11 -0.2467
1920 12 -0.3840
1921 01 -0.0557
1921 02 -0.1433
1921 03 -0.2124
1921 04 -0.2003
1921 05 -0.1850
1921 06 -0.1595
1921 07 -0.1068
1921 08 -0.1901
1921 09 -0.1429
1921 10 -0.0610
1921 11 -0.1799
1921 12 -0.0794
1922 01 -0.3180
1922 02 -0.2916
1922 03 -0.0729
1922 04 -0.1219
1922 05 -0.2587
1922 06 -0.2763
1922 07 -0.2553
1922 08 -0.2728
1922 09 -0.2493
1922 10 -0.2425
1922 11 -0.1884
1922 12 -0.1525
1923 01 -0.2104
1923 02 -0.3764
1923 03 -0.2642
1923 04 -0.3339
1923 05 -0.2438
1923 06 -0.1900
1923 07 -0.2745
1923 08 -0.2758
1923 09 -0.2396
1923 10 -0.1546
1923 11 0.0346
1923 12 0.0054
1924 01 -0.2485
1924 02 -0.1810
1924 03 -0.1110
1924 04 -0.2394
1924 05 -0.1837
1924 06 -0.2215
1924 07 -0.2151
1924 08 -0.2833
1924 09 -0.2790
1924 10 -0.2822
1924 11 -0.2921
1924 12 -0.3862
1925 01 -0.3194
1925 02 -0.2730
1925 03 -0.1639
1925 04 -0.1593
1925 05 -0.2162
1925 06 -0.2237
1925 07 -0.2021
1925 08 -0.1307
1925 09 -0.0981
1925 10 -0.1243
1925 11 0.0647
1925 12 0.1427
1926 01 0.1708
1926 02 0.0864
1926 03 0.0801
1926 04 -0.1302
1926 05 -0.1265
1926 06 -0.1191
1926 07 -0.1540
1926 08 -0.0835
1926 09 -0.0994
1926 10 -0.0782
1926 11 -0.0740
1926 12 -0.2097
1927 01 -0.1689
1927 02 -0.1860
1927 03 -0.2532
1927 04 -0.2128
1927 05 -0.2183
1927 06 -0.1961
1927 07 -0.0974
1927 08 -0.1080
1927 09 -0.0210
1927 10 0.0220
1927 11 -0.0357
1927 12 -0.3066
1928 01 -0.0745
1928 02 -0.1394
1928 03 -0.2601
1928 04 -0.2416
1928 05 -0.1821
1928 06 -0.2746
1928 07 -0.1745
1928 08 -0.1951
1928 09 -0.1851
1928 10 -0.1194
1928 11 -0.0670
1928 12 -0.1674
1929 01 -0.4818
1929 02 -0.5449
1929 03 -0.2621
1929 04 -0.2935
1929 05 -0.2844
1929 06 -0.2735
1929 07 -0.2716
1929 08 -0.2079
1929 09 -0.2100
1929 10 -0.1170
1929 11 -0.0968
1929 12 -0.5144
1930 01 -0.3434
1930 02 -0.2026
1930 03 -0.0422
1930 04 -0.1901
1930 05 -0.1965
1930 06 -0.0768
1930 07 -0.0612
1930 08 -0.0828
1930 09 -0.0987
1930 10 0.0045
1930 11 0.1430
1930 12 0.0076
1931 01 -0.0475
1931 02 -0.2222
1931 03 -0.0089
1931 04 -0.1616
1931 05 -0.1533
1931 06 -0.0206
1931 07 -0.0187
1931 08 0.0059
1931 09 0.0030
1931 10 0.0097
1931 11 -0.1133
1931 12 -0.1057
1932 01 0.1516
1932 02 -0.1794
1932 03 -0.1802
1932 04 -0.0357
1932 05 -0.1648
1932 06 -0.1563
1932 07 -0.1221
1932 08 -0.1750
1932 09 -0.0703
1932 10 -0.0942
1932 11 -0.1974
1932 12 -0.1907
1933 01 -0.3117
1933 02 -0.3157
1933 03 -0.2504
1933 04 -0.2082
1933 05 -0.2119
1933 06 -0.2013
1933 07 -0.1833
1933 08 -0.1884
1933 09 -0.2219
1933 10 -0.1873
1933 11 -0.2583
1933 12 -0.4120
1934 01 -0.3134
1934 02 -0.0236
1934 03 -0.2607
1934 04 -0.2373
1934 05 -0.0499
1934 06 -0.0101
1934 07 -0.0970
1934 08 -0.0582
1934 09 -0.1266
1934 10 -0.0720
1934 11 0.0025
1934 12 -0.0293
1935 01 -0.2941
1935 02 0.1625
1935 03 -0.1535
1935 04 -0.2618
1935 05 -0.2065
1935 06 -0.1743
1935 07 -0.1179
1935 08 -0.1028
1935 09 -0.0926
1935 10 -0.0161
1935 11 -0.2721
1935 12 -0.1783
1936 01 -0.2573
1936 02 -0.3189
1936 03 -0.2147
1936 04 -0.1862
1936 05 -0.1189
1936 06 -0.1089
1936 07 -0.0136
1936 08 -0.0569
1936 09 -0.0424
1936 10 -0.0265
1936 11 -0.0289
1936 12 -0.0224
1937 01 -0.1731
1937 02 0.0335
1937 03 -0.1904
1937 04 -0.1329
1937 05 -0.0265
1937 06 0.0055
1937 07 -0.0060
1937 08 0.0864
1937 09 0.1258
1937 10 0.1068
1937 11 0.0028
1937 12 -0.0937
1938 01 -0.0413
1938 02 -0.0569
1938 03 0.0277
1938 04 0.0374
1938 05 -0.0271
1938 06 -0.0954
1938 07 -0.0550
1938 08 -0.0190
1938 09 0.0285
1938 10 0.0706
1938 11 -0.0003
1938 12 -0.2607
1939 01 -0.1676
1939 02 -0.1147
1939 03 -0.1935
1939 04 -0.1361
1939 05 -0.0411
1939 06 -0.0130
1939 07 0.0018
1939 08 0.0514
1939 09 0.0080
1939 10 -0.0450
1939 11 0.0427
1939 12 0.4042
1940 01 -0.1262
1940 02 0.0456
1940 03 0.0610
1940 04 0.1194
1940 05 0.0477
1940 06 0.1005
1940 07 0.1408
1940 08 0.0892
1940 09 0.1429
1940 10 0.0951
1940 11 0.0977
1940 12 0.2663
1941 01 0.1754
1941 02 0.2244
1941 03 0.0985
1941 04 0.2149
1941 05 0.2348
1941 06 0.1567
1941 07 0.1992
1941 08 0.1676
1941 09 0.0794
1941 10 0.3059
1941 11 0.2148
1941 12 0.2042
1942 01 0.2953
1942 02 0.0951
1942 03 0.1695
1942 04 0.1809
1942 05 0.1547
1942 06 0.2023
1942 07 0.0732
1942 08 0.0352
1942 09 0.1080
1942 10 0.1415
1942 11 0.1630
1942 12 0.1476
1943 01 -0.0267
1943 02 0.1661
1943 03 0.0715
1943 04 0.1630
1943 05 0.1252
1943 06 0.0176
1943 07 0.1818
1943 08 0.0918
1943 09 0.1375
1943 10 0.3060
1943 11 0.2429
1943 12 0.3529
1944 01 0.4203
1944 02 0.3005
1944 03 0.3644
1944 04 0.2632
1944 05 0.2572
1944 06 0.3348
1944 07 0.3112
1944 08 0.2709
1944 09 0.3808
1944 10 0.3158
1944 11 0.1432
1944 12 0.0951
1945 01 0.1579
1945 02 0.0122
1945 03 0.1058
1945 04 0.2731
1945 05 0.1737
1945 06 0.1404
1945 07 0.1632
1945 08 0.3504
1945 09 0.2546
1945 10 0.2590
1945 11 0.1950
1945 12 -0.0476
1946 01 0.2230
1946 02 0.0889
1946 03 -0.0041
1946 04 0.1753
1946 05 -0.0317
1946 06 -0.1046
1946 07 -0.0381
1946 08 -0.0711
1946 09 -0.0228
1946 10 -0.0117
1946 11 -0.0158
1946 12 -0.2703
1947 01 -0.1913
1947 02 -0.0821
1947 03 -0.0141
1947 04 0.0105
1947 05 -0.0237
1947 06 0.0132
1947 07 -0.0248
1947 08 -0.0671
1947 09 -0.1312
1947 10 0.0504
1947 11 -0.0280
1947 12 -0.1494
1948 01 0.0501
1948 02 -0.0975
1948 03 -0.1942
1948 04 -0.0685
1948 05 0.1436
1948 06 -0.0175
1948 07 -0.0620
1948 08 -0.0279
1948 09 -0.1063
1948 10 -0.0684
1948 11 -0.0634
1948 12 -0.1135
1949 01 0.1166
1949 02 -0.1511
1949 03 -0.0761
1949 04 0.0014
1949 05 -0.0086
1949 06 -0.1493
1949 07 -0.0771
1949 08 -0.0270
1949 09 -0.0746
1949 10 -0.0339
1949 11 -0.0557
1949 12 -0.1851
1950 01 -0.2756
1950 02 -0.2390
1950 03 -0.0892
1950 04 -0.1724
1950 05 -0.0550
1950 06 -0.0593
1950 07 -0.1062
1950 08 -0.1411
1950 09 -0.1082
1950 10 -0.1689
1950 11 -0.3648
1950 12 -0.1832
1951 01 -0.2893
1951 02 -0.4082
1951 03 -0.1684
1951 04 -0.0876
1951 05 0.0539
1951 06 0.0336
1951 07 0.1068
1951 08 0.1128
1951 09 0.1322
1951 10 0.1070
1951 11 0.0242
1951 12 0.2139
1952 01 0.1515
1952 02 0.0895
1952 03 -0.0481
1952 04 0.0654
1952 05 0.0337
1952 06 0.0389
1952 07 0.0721
1952 08 0.0636
1952 09 0.0652
1952 10 -0.0376
1952 11 -0.1971
1952 12 -0.0065
1953 01 0.1043
1953 02 0.1543
1953 03 0.1535
1953 04 0.1827
1953 05 0.1438
1953 06 0.1255
1953 07 0.0671
1953 08 0.0805
1953 09 0.0650
1953 10 0.0696
1953 11 -0.0626
1953 12 0.0549
1954 01 -0.2350
1954 02 -0.0873
1954 03 -0.0923
1954 04 -0.1773
1954 05 -0.2020
1954 06 -0.1162
1954 07 -0.1210
1954 08 -0.0903
1954 09 -0.0589
1954 10 -0.0691
1954 11 0.0396
1954 12 -0.1847
1955 01 0.0904
1955 02 -0.1289
1955 03 -0.3082
1955 04 -0.2370
1955 05 -0.1261
1955 06 -0.0697
1955 07 -0.0872
1955 08 -0.0255
1955 09 -0.0933
1955 10 -0.1251
1955 11 -0.2366
1955 12 -0.2698
1956 01 -0.1754
1956 02 -0.2729
1956 03 -0.1987
1956 04 -0.2836
1956 05 -0.2267
1956 06 -0.1452
1956 07 -0.1345
1956 08 -0.1870
1956 09 -0.2530
1956 10 -0.2015
1956 11 -0.1574
1956 12 -0.1549
1957 01 -0.1200
1957 02 -0.1123
1957 03 -0.0669
1957 04 -0.0185
1957 05 0.1095
1957 06 0.1610
1957 07 0.0621
1957 08 0.1299
1957 09 0.0737
1957 10 0.0120
1957 11 0.1275
1957 12 0.2266
1958 01 0.2967
1958 02 0.2083
1958 03 0.1185
1958 04 0.1139
1958 05 0.1032
1958 06 0.0643
1958 07 0.0653
1958 08 0.0546
1958 09 0.0187
1958 10 0.0397
1958 11 0.0915
1958 12 0.1455
1959 01 0.1259
1959 02 0.0693
1959 03 0.2043
1959 04 0.1179
1959 05 0.0277
1959 06 0.0857
1959 07 0.0680
1959 08 0.0521
1959 09 0.0973
1959 10 -0.0118
1959 11 -0.0773
1959 12 -0.0337
1960 01 0.0053
1960 02 0.1869
1960 03 -0.2037
1960 04 -0.0958
1960 05 -0.0850
1960 06 0.0773
1960 07 0.0356
1960 08 0.0473
1960 09 0.0634
1960 10 0.0389
1960 11 -0.0479
1960 12 0.2280
1961 01 0.1206
1961 02 0.1780
1961 03 0.1640
1961 04 0.1325
1961 05 0.1627
1961 06 0.1482
1961 07 0.0354
1961 08 0.0319
1961 09 -0.0070
1961 10 -0.0345
1961 11 0.0153
1961 12 -0.0169
1962 01 0.1345
1962 02 0.1702
1962 03 0.1199
1962 04 0.0767
1962 05 0.0574
1962 06 0.0579
1962 07 0.0912
1962 08 0.0565
1962 09 0.0631
1962 10 0.0789
1962 11 0.0768
1962 12 0.0875
1963 01 0.0395
1963 02 0.2570
1963 03 -0.0230
1963 04 -0.0028
1963 05 0.0123
1963 06 0.0478
1963 07 0.1376
1963 08 0.1568
1963 09 0.1642
1963 10 0.2124
1963 11 0.1933
1963 12 0.0817
1964 01 0.0485
1964 02 -0.1052
1964 03 -0.1441
1964 04 -0.1848
1964 05 -0.0988
1964 06 -0.0938
1964 07 -0.1110
1964 08 -0.1676
1964 09 -0.2099
1964 10 -0.2649
1964 11 -0.2025
1964 12 -0.2649
1965 01 -0.0711
1965 02 -0.1977
1965 03 -0.1016
1965 04 -0.1878
1965 05 -0.0771
1965 06 -0.0459
1965 07 -0.0845
1965 08 -0.0479
1965 09 -0.0507
1965 10 0.0232
1965 11 -0.0909
1965 12 -0.0122
1966 01 -0.0461
1966 02 -0.0387
1966 03 -0.0029
1966 04 -0.0929
1966 05 -0.0360
1966 06 0.0577
1966 07 0.0660
1966 08 0.0208
1966 09 0.0244
1966 10 -0.0596
1966 11 -0.0456
1966 12 -0.1247
1967 01 -0.1074
1967 02 -0.1659
1967 03 0.0021
1967 04 0.0051
1967 05 0.1251
1967 06 -0.0319
1967 07 -0.0183
1967 08 -0.0063
1967 09 -0.0328
1967 10 0.1284
1967 11 -0.0232
1967 12 -0.0415
1968 01 -0.1882
1968 02 -0.1284
1968 03 0.1485
1968 04 -0.0708
1968 05 -0.0810
1968 06 -0.0171
1968 07 -0.0219
1968 08 -0.0164
1968 09 -0.0121
1968 10 0.0454
1968 11 0.0152
1968 12 -0.0422
1969 01 -0.1295
1969 02 -0.1037
1969 03 0.1197
1969 04 0.1931
1969 05 0.1739
1969 06 0.0752
1969 07 0.0912
1969 08 0.0967
1969 09 0.0853
1969 10 0.0700
1969 11 0.1923
1969 12 0.2478
1970 01 0.1214
1970 02 0.2362
1970 03 0.0329
1970 04 0.1318
1970 05 0.0401
1970 06 0.0278
1970 07 -0.0223
1970 08 -0.0203
1970 09 0.0071
1970 10 -0.0379
1970 11 0.0212
1970 12 -0.0955
1971 01 -0.0055
1971 02 -0.2149
1971 03 -0.1395
1971 04 -0.1286
1971 05 -0.0899
1971 06 -0.1288
1971 07 -0.0637
1971 08 -0.0693
1971 09 -0.0434
1971 10 -0.0761
1971 11 0.0371
1971 12 -0.0198
1972 01 -0.2404
1972 02 -0.1628
1972 03 0.0035
1972 04 0.0366
1972 05 0.0147
1972 06 0.0755
1972 07 0.0648
1972 08 0.0882
1972 09 0.0206
1972 10 0.0885
1972 11 0.0768
1972 12 0.2522
1973 01 0.2577
1973 02 0.3715
1973 03 0.3286
1973 04 0.2511
1973 05 0.2135
1973 06 0.1947
1973 07 0.1153
1973 08 0.0766
1973 09 0.0518
1973 10 0.0423
1973 11 0.0200
1973 12 0.0248
1974 01 -0.1957
1974 02 -0.2564
1974 03 -0.0531
1974 04 -0.0456
1974 05 -0.0270
1974 06 -0.0415
1974 07 0.0168
1974 08 0.0102
1974 09 -0.0452
1974 10 -0.0831
1974 11 -0.0697
1974 12 -0.0997
1975 01 0.1180
1975 02 0.0297
1975 03 0.1070
1975 04 0.0764
1975 05 0.0666
1975 06 0.0320
1975 07 0.0023
1975 08 -0.0709
1975 09 0.0143
1975 10 -0.1259
1975 11 -0.1479
1975 12 -0.0938
1976 01 -0.0201
1976 02 -0.1259
1976 03 -0.2389
1976 04 -0.0251
1976 05 -0.1262
1976 06 -0.0778
1976 07 -0.0897
1976 08 -0.0934
1976 09 -0.0467
1976 10 -0.1864
1976 11 -0.0443
1976 12 0.0881
1977 01 0.0617
1977 02 0.2358
1977 03 0.3067
1977 04 0.2814
1977 05 0.2356
1977 06 0.2448
1977 07 0.1695
1977 08 0.1394
1977 09 0.1849
1977 10 0.1150
1977 11 0.2575
1977 12 0.1100
1978 01 0.1597
1978 02 0.1264
1978 03 0.2204
1978 04 0.1303
1978 05 0.0586
1978 06 0.0503
1978 07 0.0670
1978 08 0.0028
1978 09 0.0737
1978 10 0.0620
1978 11 0.2241
1978 12 0.1502
1979 01 0.1605
1979 02 0.0904
1979 03 0.2430
1979 04 0.1113
1979 05 0.1550
1979 06 0.2155
1979 07 0.1719
1979 08 0.2241
1979 09 0.2516
1979 10 0.2926
1979 11 0.2957
1979 12 0.5022
1980 01 0.3079
1980 02 0.3502
1980 03 0.2396
1980 04 0.3079
1980 05 0.3158
1980 06 0.2455
1980 07 0.2164
1980 08 0.1941
1980 09 0.2009
1980 10 0.1823
1980 11 0.3313
1980 12 0.2661
1981 01 0.4673
1981 02 0.3628
1981 03 0.4092
1981 04 0.3574
1981 05 0.2620
1981 06 0.2841
1981 07 0.2253
1981 08 0.2425
1981 09 0.1867
1981 10 0.1689
1981 11 0.2144
1981 12 0.4214
1982 01 0.1357
1982 02 0.1582
1982 03 0.0831
1982 04 0.2053
1982 05 0.1928
1982 06 0.1233
1982 07 0.1434
1982 08 0.1406
1982 09 0.2349
1982 10 0.1784
1982 11 0.1502
1982 12 0.4343
1983 01 0.5113
1983 02 0.4802
1983 03 0.4223
1983 04 0.2939
1983 05 0.2896
1983 06 0.2659
1983 07 0.2655
1983 08 0.3226
1983 09 0.3176
1983 10 0.2127
1983 11 0.4321
1983 12 0.2742
1984 01 0.2826
1984 02 0.1711
1984 03 0.2716
1984 04 0.1495
1984 05 0.2833
1984 06 0.1316
1984 07 0.1189
1984 08 0.1677
1984 09 0.1430
1984 10 0.1177
1984 11 0.0382
1984 12 -0.0908
1985 01 0.1807
1985 02 0.0192
1985 03 0.1888
1985 04 0.1497
1985 05 0.1964
1985 06 0.1285
1985 07 0.0782
1985 08 0.1280
1985 09 0.1015
1985 10 0.1302
1985 11 0.1184
1985 12 0.1998
1986 01 0.3263
1986 02 0.2801
1986 03 0.2972
1986 04 0.2622
1986 05 0.2517
1986 06 0.2530
1986 07 0.1675
1986 08 0.1669
1986 09 0.1712
1986 10 0.2043
1986 11 0.1543
1986 12 0.2179
1987 01 0.3127
1987 02 0.5040
1987 03 0.2563
1987 04 0.3054
1987 05 0.3349
1987 06 0.3001
1987 07 0.4167
1987 08 0.3827
1987 09 0.4321
1987 10 0.3340
1987 11 0.3293
1987 12 0.5303
1988 01 0.5484
1988 02 0.3910
1988 03 0.4830
1988 04 0.4427
1988 05 0.3795
1988 06 0.3831
1988 07 0.3407
1988 08 0.3194
1988 09 0.3174
1988 10 0.2988
1988 11 0.2266
1988 12 0.3615
1989 01 0.2153
1989 02 0.3060
1989 03 0.3330
1989 04 0.2871
1989 05 0.2765
1989 06 0.2717
1989 07 0.3009
1989 08 0.3003
1989 09 0.3016
1989 10 0.3013
1989 11 0.2512
1989 12 0.3991
1990 01 0.3614
1990 02 0.4062
1990 03 0.7295
1990 04 0.4897
1990 05 0.4271
1990 06 0.4090
1990 07 0.3444
1990 08 0.3453
1990 09 0.3127
1990 10 0.4243
1990 11 0.4758
1990 12 0.4451
1991 01 0.4529
1991 02 0.4657
1991 03 0.3679
1991 04 0.5168
1991 05 0.4108
1991 06 0.4797
1991 07 0.4417
1991 08 0.3851
1991 09 0.3843
1991 10 0.3272
1991 11 0.3152
1991 12 0.3023
1992 01 0.4701
1992 02 0.4486
1992 03 0.4349
1992 04 0.2920
1992 05 0.3268
1992 06 0.2807
1992 07 0.1336
1992 08 0.1367
1992 09 0.0622
1992 10 0.1138
1992 11 0.0882
1992 12 0.2810
1993 01 0.3801
1993 02 0.3947
1993 03 0.4195
1993 04 0.3134
1993 05 0.3428
1993 06 0.2907
1993 07 0.2313
1993 08 0.2083
1993 09 0.1690
1993 10 0.2423
1993 11 0.0905
1993 12 0.3146
1994 01 0.2879
1994 02 0.0754
1994 03 0.3533
1994 04 0.3537
1994 05 0.3779
1994 06 0.3785
1994 07 0.3110
1994 08 0.3061
1994 09 0.3298
1994 10 0.4250
1994 11 0.4490
1994 12 0.4018
1995 01 0.5500
1995 02 0.6880
1995 03 0.4635
1995 04 0.4094
1995 05 0.3569
1995 06 0.4638
1995 07 0.4253
1995 08 0.5015
1995 09 0.3857
1995 10 0.4372
1995 11 0.4516
1995 12 0.3459
1996 01 0.2615
1996 02 0.4545
1996 03 0.3247
1996 04 0.2713
1996 05 0.3875
1996 06 0.3504
1996 07 0.3220
1996 08 0.3173
1996 09 0.2621
1996 10 0.2246
1996 11 0.2800
1996 12 0.3869
1997 01 0.3739
1997 02 0.4271
1997 03 0.4608
1997 04 0.4532
1997 05 0.4208
1997 06 0.5296
1997 07 0.5040
1997 08 0.5424
1997 09 0.6199
1997 10 0.6440
1997 11 0.5854
1997 12 0.6285
1998 01 0.6059
1998 02 0.8640
1998 03 0.6366
1998 04 0.7317
1998 05 0.6666
1998 06 0.6648
1998 07 0.7297
1998 08 0.6779
1998 09 0.5244
1998 10 0.4931
1998 11 0.4098
1998 12 0.5789
1999 01 0.4995
1999 02 0.6717
1999 03 0.3703
1999 04 0.4574
1999 05 0.4058
1999 06 0.4154
1999 07 0.3997
1999 08 0.3652
1999 09 0.3974
1999 10 0.3745
1999 11 0.3657
1999 12 0.5775
2000 01 0.3426
2000 02 0.5408
2000 03 0.5563
2000 04 0.6285
2000 05 0.4628
2000 06 0.4053
2000 07 0.3908
2000 08 0.4538
2000 09 0.4326
2000 10 0.3011
2000 11 0.2559
2000 12 0.3172
2001 01 0.4710
2001 02 0.3918
2001 03 0.6265
2001 04 0.5651
2001 05 0.5978
2001 06 0.5353
2001 07 0.5554
2001 08 0.6009
2001 09 0.5005
2001 10 0.4966
2001 11 0.6848
2001 12 0.5104
2002 01 0.6940
2002 02 0.7823
2002 03 0.7860
2002 04 0.5692
2002 05 0.5608
2002 06 0.5817
2002 07 0.6172
2002 08 0.5321
2002 09 0.5628
2002 10 0.4755
2002 11 0.5887
2002 12 0.4351
2003 01 0.6881
2003 02 0.5608
2003 03 0.5655
2003 04 0.5569
2003 05 0.5930
2003 06 0.5368
2003 07 0.5382
2003 08 0.6165
2003 09 0.6370
2003 10 0.7249
2003 11 0.5752
2003 12 0.7343
2004 01 0.5954
2004 02 0.7201
2004 03 0.6968
2004 04 0.5904
2004 05 0.4426
2004 06 0.4663
2004 07 0.4785
2004 08 0.5126
2004 09 0.5294
2004 10 0.6160
2004 11 0.7581
2004 12 0.5095
2005 01 0.6259
2005 02 0.5178
2005 03 0.6914
2005 04 0.7282
2005 05 0.6564
2005 06 0.6696
2005 07 0.6538
2005 08 0.6229
2005 09 0.6851
2005 10 0.6893
2005 11 0.7244
2005 12 0.6201
2006 01 0.4605
2006 02 0.6245
2006 03 0.5971
2006 04 0.5177
2006 05 0.5509
2006 06 0.6366
2006 07 0.6232
2006 08 0.6236
2006 09 0.6322
2006 10 0.6786
2006 11 0.6440
2006 12 0.7674
2007 01 0.8844
2007 02 0.6633
2007 03 0.6680
2007 04 0.7369
2007 05 0.6086
2007 06 0.5325
2007 07 0.5282
2007 08 0.5491
2007 09 0.5757
2007 10 0.5647
2007 11 0.5166
2007 12 0.4844
2008 01 0.2746
2008 02 0.3765
2008 03 0.7599
2008 04 0.4809
2008 05 0.5009
2008 06 0.5284
2008 07 0.5763
2008 08 0.5560
2008 09 0.5282
2008 10 0.6668
2008 11 0.6672
2008 12 0.5623
2009 01 0.5939
2009 02 0.5646
2009 03 0.5770
2009 04 0.6508
2009 05 0.5863
2009 06 0.6701
2009 07 0.6379
2009 08 0.6963
2009 09 0.7059
2009 10 0.6412
2009 11 0.6686
2009 12 0.6140
2010 01 0.7016
2010 02 0.7097
2010 03 0.8468
2010 04 0.8284
2010 05 0.7601
2010 06 0.7346
2010 07 0.7303
2010 08 0.6566
2010 09 0.5714
2010 10 0.6243
2010 11 0.7706
2010 12 0.4839
2011 01 0.4702
2011 02 0.4931
2011 03 0.5886
2011 04 0.6498
2011 05 0.5751
2011 06 0.6437
2011 07 0.6256
2011 08 0.6128
2011 09 0.5958
2011 10 0.6337
2011 11 0.4806
2011 12 0.5442
2012 01 0.4224
2012 02 0.4238
2012 03 0.5225
2012 04 0.7305
2012 05 0.7195
2012 06 0.6996
2012 07 0.6844
2012 08 0.6668
2012 09 0.7202
2012 10 0.6968
2012 11 0.7041
2012 12 0.4609
2013 01 0.5842
2013 02 0.6322
2013 03 0.6128
2013 04 0.5596
2013 05 0.7122
2013 06 0.6814
2013 07 0.6652
2013 08 0.6613
2013 09 0.6822
2013 10 0.6747
2013 11 0.8250
2013 12 0.6973
2014 01 0.6956
2014 02 0.4806
2014 03 0.7710
2014 04 0.7994
2014 05 0.7913
2014 06 0.7568
2014 07 0.6928
2014 08 0.7930
2014 09 0.7859
2014 10 0.7839
2014 11 0.6892
2014 12 0.8288
2015 01 0.8156
2015 02 0.8846
2015 03 0.8943
2015 04 0.7735
2015 05 0.8554
2015 06 0.8764
2015 07 0.8036
2015 08 0.8810
2015 09 0.9182
2015 10 0.9817
2015 11 0.9657
2015 12 1.1224
2016 01 1.0424
2016 02 1.1913
2016 03 1.2181
