Glob al Land and Ocean Temperature Anomalies
Unit s: Degrees Celsius
Base  P riod: 1901-2000
Year ,V lue
1880 01 -0.0079
1880 02 -0.1310
1880 03 -0.1446
1880 04 -0.0610
1880 05 -0.0823
1880 06 -0.1776
1880 07 -0.1584
1880 08 -0.0854
1880 09 -0.0909
1880 10 -0.1876
1880 11 -0.2749
1880 12 -0.0866
1881 01 -0.0263
1881 02 -0.0361
1881 03 0.0273
1881 04 0.0695
1881 05 0.0238
1881 06 -0.0964
1881 07 -0.0432
1881 08 -0.0626
1881 09 -0.1868
1881 10 -0.2267
1881 11 -0.2277
1881 12 -0.0480
1882 01 0.0868
1882 02 0.0309
1882 03 0.0687
1882 04 -0.1277
1882 05 -0.1503
1882 06 -0.1434
1882 07 -0.0702
1882 08 -0.0085
1882 09 0.0054
1882 10 -0.2121
1882 11 -0.1322
1882 12 -0.1741
1883 01 -0.2743
1883 02 -0.2990
1883 03 -0.1366
1883 04 -0.1774
1883 05 -0.1470
1883 06 -0.0102
1883 07 -0.0879
1883 08 -0.0555
1883 09 -0.1511
1883 10 -0.1696
1883 11 -0.1767
1883 12 -0.0808
1884 01 -0.1929
1884 02 -0.1531
1884 03 -0.2129
1884 04 -0.1894
1884 05 -0.1345
1884 06 -0.2039
1884 07 -0.3094
1884 08 -0.2786
1884 09 -0.2342
1884 10 -0.1800
1884 11 -0.2768
1884 12 -0.1544
1885 01 -0.4348
1885 02 -0.2677
1885 03 -0.1556
1885 04 -0.2661
1885 05 -0.2915
1885 06 -0.3174
1885 07 -0.2491
1885 08 -0.2507
1885 09 -0.2062
1885 10 -0.1371
1885 11 -0.1359
1885 12 0.0423
1886 01 -0.1249
1886 02 -0.2918
1886 03 -0.2935
1886 04 -0.1804
1886 05 -0.1698
1886 06 -0.2574
1886 07 -0.1734
1886 08 -0.2242
1886 09 -0.2044
1886 10 -0.2389
1886 11 -0.2086
1886 12 -0.1729
1887 01 -0.3902
1887 02 -0.3836
1887 03 -0.1731
1887 04 -0.1999
1887 05 -0.2471
1887 06 -0.2236
1887 07 -0.2791
1887 08 -0.3249
1887 09 -0.1894
1887 10 -0.3090
1887 11 -0.1647
1887 12 -0.2046
1888 01 -0.3955
1888 02 -0.3382
1888 03 -0.3077
1888 04 -0.1845
1888 05 -0.1615
1888 06 -0.1026
1888 07 -0.1241
1888 08 -0.1677
1888 09 -0.0770
1888 10 0.0076
1888 11 -0.0511
1888 12 0.0329
1889 01 -0.1018
1889 02 0.0075
1889 03 0.1149
1889 04 0.0426
1889 05 -0.0367
1889 06 -0.0812
1889 07 -0.1697
1889 08 -0.1453
1889 09 -0.2309
1889 10 -0.1999
1889 11 -0.2839
1889 12 -0.1821
1890 01 -0.3631
1890 02 -0.4319
1890 03 -0.3195
1890 04 -0.2578
1890 05 -0.3890
1890 06 -0.2892
1890 07 -0.2817
1890 08 -0.3248
1890 09 -0.3532
1890 10 -0.2962
1890 11 -0.3432
1890 12 -0.2344
1891 01 -0.3862
1891 02 -0.5273
1891 03 -0.2154
1891 04 -0.2547
1891 05 -0.1398
1891 06 -0.2052
1891 07 -0.2318
1891 08 -0.2335
1891 09 -0.1541
1891 10 -0.2903
1891 11 -0.3966
1891 12 -0.0444
1892 01 -0.2390
1892 02 -0.1328
1892 03 -0.3104
1892 04 -0.3120
1892 05 -0.3034
1892 06 -0.2843
1892 07 -0.3483
1892 08 -0.3341
1892 09 -0.2256
1892 10 -0.2497
1892 11 -0.4727
1892 12 -0.4734
1893 01 -0.6780
1893 02 -0.6131
1893 03 -0.2255
1893 04 -0.3468
1893 05 -0.3384
1893 06 -0.2384
1893 07 -0.2010
1893 08 -0.3216
1893 09 -0.2585
1893 10 -0.2095
1893 11 -0.1619
1893 12 -0.2423
1894 01 -0.4292
1894 02 -0.2199
1894 03 -0.2050
1894 04 -0.3000
1894 05 -0.2974
1894 06 -0.3473
1894 07 -0.2706
1894 08 -0.2681
1894 09 -0.2525
1894 10 -0.2133
1894 11 -0.2932
1894 12 -0.2377
1895 01 -0.4350
1895 02 -0.4117
1895 03 -0.2812
1895 04 -0.1802
1895 05 -0.2059
1895 06 -0.2913
1895 07 -0.1984
1895 08 -0.2231
1895 09 -0.1284
1895 10 -0.1304
1895 11 -0.1572
1895 12 -0.0690
1896 01 -0.1042
1896 02 -0.0793
1896 03 -0.2073
1896 04 -0.2603
1896 05 -0.1000
1896 06 -0.0883
1896 07 -0.0480
1896 08 -0.0697
1896 09 -0.0663
1896 10 -0.0058
1896 11 -0.1634
1896 12 0.0508
1897 01 -0.1840
1897 02 -0.1125
1897 03 -0.1865
1897 04 -0.0056
1897 05 -0.0257
1897 06 -0.0994
1897 07 -0.0407
1897 08 -0.0731
1897 09 -0.0251
1897 10 -0.1593
1897 11 -0.2380
1897 12 -0.2973
1898 01 -0.0397
1898 02 -0.2817
1898 03 -0.6553
1898 04 -0.3500
1898 05 -0.2945
1898 06 -0.2077
1898 07 -0.2408
1898 08 -0.2261
1898 09 -0.1993
1898 10 -0.3242
1898 11 -0.2445
1898 12 -0.0134
1899 01 -0.0934
1899 02 -0.2873
1899 03 -0.2581
1899 04 -0.1956
1899 05 -0.1189
1899 06 -0.1977
1899 07 -0.1130
1899 08 -0.0613
1899 09 -0.0297
1899 10 -0.0269
1899 11 0.1303
1899 12 -0.1684
1900 01 -0.2393
1900 02 -0.0924
1900 03 -0.0474
1900 04 -0.0979
1900 05 -0.0389
1900 06 -0.0488
1900 07 -0.0763
1900 08 -0.0730
1900 09 -0.0650
1900 10 0.0451
1900 11 -0.1410
1900 12 0.0276
1901 01 -0.1327
1901 02 -0.0761
1901 03 -0.0372
1901 04 -0.0707
1901 05 -0.1309
1901 06 -0.1357
1901 07 -0.1603
1901 08 -0.1373
1901 09 -0.2126
1901 10 -0.2881
1901 11 -0.1456
1901 12 -0.2465
1902 01 -0.0921
1902 02 -0.0412
1902 03 -0.2080
1902 04 -0.2745
1902 05 -0.2656
1902 06 -0.3407
1902 07 -0.2969
1902 08 -0.2716
1902 09 -0.2406
1902 10 -0.2889
1902 11 -0.3483
1902 12 -0.3768
1903 01 -0.2206
1903 02 -0.0914
1903 03 -0.2878
1903 04 -0.3613
1903 05 -0.3979
1903 06 -0.3794
1903 07 -0.3380
1903 08 -0.4366
1903 09 -0.3780
1903 10 -0.4359
1903 11 -0.3973
1903 12 -0.3897
1904 01 -0.5468
1904 02 -0.4705
1904 03 -0.5193
1904 04 -0.4756
1904 05 -0.4330
1904 06 -0.4447
1904 07 -0.4585
1904 08 -0.4331
1904 09 -0.4676
1904 10 -0.4115
1904 11 -0.1731
1904 12 -0.2451
1905 01 -0.3569
1905 02 -0.6241
1905 03 -0.3982
1905 04 -0.4570
1905 05 -0.2919
1905 06 -0.2553
1905 07 -0.1958
1905 08 -0.2304
1905 09 -0.2286
1905 10 -0.3015
1905 11 -0.0933
1905 12 -0.1356
1906 01 -0.1758
1906 02 -0.2406
1906 03 -0.1491
1906 04 -0.0567
1906 05 -0.2185
1906 06 -0.1766
1906 07 -0.2510
1906 08 -0.2376
1906 09 -0.3066
1906 10 -0.2827
1906 11 -0.3704
1906 12 -0.1676
1907 01 -0.3499
1907 02 -0.4080
1907 03 -0.2852
1907 04 -0.3574
1907 05 -0.4749
1907 06 -0.3789
1907 07 -0.3586
1907 08 -0.3415
1907 09 -0.3453
1907 10 -0.3100
1907 11 -0.5119
1907 12 -0.3977
1908 01 -0.3659
1908 02 -0.3802
1908 03 -0.6107
1908 04 -0.4842
1908 05 -0.4043
1908 06 -0.4088
1908 07 -0.3925
1908 08 -0.4847
1908 09 -0.4017
1908 10 -0.5201
1908 11 -0.4872
1908 12 -0.3854
1909 01 -0.5554
1909 02 -0.4649
1909 03 -0.5470
1909 04 -0.5335
1909 05 -0.4594
1909 06 -0.4228
1909 07 -0.4409
1909 08 -0.3124
1909 09 -0.3684
1909 10 -0.3974
1909 11 -0.2814
1909 12 -0.4146
1910 01 -0.3117
1910 02 -0.3684
1910 03 -0.4314
1910 04 -0.3467
1910 05 -0.3120
1910 06 -0.3617
1910 07 -0.3336
1910 08 -0.3395
1910 09 -0.3391
1910 10 -0.4258
1910 11 -0.4999
1910 12 -0.5709
1911 01 -0.5157
1911 02 -0.5355
1911 03 -0.5776
1911 04 -0.5159
1911 05 -0.4801
1911 06 -0.4475
1911 07 -0.4696
1911 08 -0.4581
1911 09 -0.4008
1911 10 -0.3439
1911 11 -0.2582
1911 12 -0.2449
1912 01 -0.2811
1912 02 -0.1165
1912 03 -0.3165
1912 04 -0.2081
1912 05 -0.2314
1912 06 -0.2642
1912 07 -0.3192
1912 08 -0.4538
1912 09 -0.4905
1912 10 -0.5214
1912 11 -0.4176
1912 12 -0.3603
1913 01 -0.3562
1913 02 -0.3928
1913 03 -0.4135
1913 04 -0.3547
1913 05 -0.4009
1913 06 -0.3843
1913 07 -0.3580
1913 08 -0.3321
1913 09 -0.3587
1913 10 -0.3156
1913 11 -0.1391
1913 12 -0.0424
1914 01 0.0896
1914 02 -0.1228
1914 03 -0.1681
1914 04 -0.2543
1914 05 -0.1705
1914 06 -0.1995
1914 07 -0.2138
1914 08 -0.1814
1914 09 -0.1893
1914 10 -0.1018
1914 11 -0.1287
1914 12 -0.1084
1915 01 -0.1413
1915 02 -0.0201
1915 03 -0.1110
1915 04 0.0154
1915 05 -0.0748
1915 06 -0.0936
1915 07 -0.0337
1915 08 -0.0786
1915 09 -0.1166
1915 10 -0.1770
1915 11 -0.0165
1915 12 -0.0544
1916 01 -0.1825
1916 02 -0.1811
1916 03 -0.3008
1916 04 -0.2043
1916 05 -0.2290
1916 06 -0.3880
1916 07 -0.2921
1916 08 -0.2796
1916 09 -0.2646
1916 10 -0.2685
1916 11 -0.3985
1916 12 -0.5775
1917 01 -0.4295
1917 02 -0.4772
1917 03 -0.4302
1917 04 -0.3178
1917 05 -0.4537
1917 06 -0.3446
1917 07 -0.1744
1917 08 -0.1757
1917 09 -0.0636
1917 10 -0.2638
1917 11 -0.1348
1917 12 -0.5361
1918 01 -0.2135
1918 02 -0.2883
1918 03 -0.1803
1918 04 -0.2984
1918 05 -0.2764
1918 06 -0.1764
1918 07 -0.2007
1918 08 -0.1753
1918 09 -0.1485
1918 10 -0.0972
1918 11 -0.1169
1918 12 -0.3195
1919 01 -0.2404
1919 02 -0.0569
1919 03 -0.2371
1919 04 -0.0706
1919 05 -0.1838
1919 06 -0.2350
1919 07 -0.2138
1919 08 -0.2069
1919 09 -0.1799
1919 10 -0.2165
1919 11 -0.3161
1919 12 -0.2945
1920 01 -0.1135
1920 02 -0.2230
1920 03 -0.0583
1920 04 -0.2108
1920 05 -0.1682
1920 06 -0.2546
1920 07 -0.2434
1920 08 -0.2271
1920 09 -0.1771
1920 10 -0.2105
1920 11 -0.2521
1920 12 -0.3885
1921 01 -0.0575
1921 02 -0.1485
1921 03 -0.2190
1921 04 -0.2053
1921 05 -0.1916
1921 06 -0.1643
1921 07 -0.1141
1921 08 -0.1938
1921 09 -0.1472
1921 10 -0.0660
1921 11 -0.1865
1921 12 -0.0828
1922 01 -0.3203
1922 02 -0.2905
1922 03 -0.0790
1922 04 -0.1284
1922 05 -0.2632
1922 06 -0.2814
1922 07 -0.2618
1922 08 -0.2771
1922 09 -0.2517
1922 10 -0.2463
1922 11 -0.1900
1922 12 -0.1531
1923 01 -0.2130
1923 02 -0.3734
1923 03 -0.2670
1923 04 -0.3376
1923 05 -0.2477
1923 06 -0.1930
1923 07 -0.2783
1923 08 -0.2797
1923 09 -0.2439
1923 10 -0.1596
1923 11 0.0287
1923 12 0.0053
1924 01 -0.2489
1924 02 -0.1850
1924 03 -0.1147
1924 04 -0.2455
1924 05 -0.1902
1924 06 -0.2256
1924 07 -0.2196
1924 08 -0.2893
1924 09 -0.2834
1924 10 -0.2860
1924 11 -0.2949
1924 12 -0.4001
1925 01 -0.3196
1925 02 -0.2773
1925 03 -0.1687
1925 04 -0.1612
1925 05 -0.2205
1925 06 -0.2277
1925 07 -0.2057
1925 08 -0.1354
1925 09 -0.1011
1925 10 -0.1263
1925 11 0.0616
1925 12 0.1398
1926 01 0.1704
1926 02 0.0863
1926 03 0.0794
1926 04 -0.1281
1926 05 -0.1285
1926 06 -0.1198
1926 07 -0.1549
1926 08 -0.0838
1926 09 -0.0994
1926 10 -0.0785
1926 11 -0.0747
1926 12 -0.2051
1927 01 -0.1680
1927 02 -0.1857
1927 03 -0.2523
1927 04 -0.2160
1927 05 -0.2231
1927 06 -0.1962
1927 07 -0.0986
1927 08 -0.1099
1927 09 -0.0248
1927 10 0.0211
1927 11 -0.0356
1927 12 -0.3059
1928 01 -0.0729
1928 02 -0.1412
1928 03 -0.2622
1928 04 -0.2443
1928 05 -0.1812
1928 06 -0.2727
1928 07 -0.1755
1928 08 -0.1945
1928 09 -0.1829
1928 10 -0.1200
1928 11 -0.0667
1928 12 -0.1643
1929 01 -0.4783
1929 02 -0.5442
1929 03 -0.2652
1929 04 -0.2990
1929 05 -0.2888
1929 06 -0.2744
1929 07 -0.2722
1929 08 -0.2078
1929 09 -0.2088
1929 10 -0.1179
1929 11 -0.0976
1929 12 -0.5120
1930 01 -0.3411
1930 02 -0.2053
1930 03 -0.0475
1930 04 -0.1958
1930 05 -0.2005
1930 06 -0.0790
1930 07 -0.0641
1930 08 -0.0831
1930 09 -0.1031
1930 10 0.0003
1930 11 0.1376
1930 12 0.0074
1931 01 -0.0481
1931 02 -0.2242
1931 03 -0.0077
1931 04 -0.1617
1931 05 -0.1554
1931 06 -0.0221
1931 07 -0.0157
1931 08 0.0032
1931 09 0.0024
1931 10 0.0099
1931 11 -0.1175
1931 12 -0.1099
1932 01 0.1530
1932 02 -0.1800
1932 03 -0.1857
1932 04 -0.0366
1932 05 -0.1674
1932 06 -0.1571
1932 07 -0.1220
1932 08 -0.1770
1932 09 -0.0728
1932 10 -0.0951
1932 11 -0.1984
1932 12 -0.1921
1933 01 -0.3116
1933 02 -0.3180
1933 03 -0.2498
1933 04 -0.2074
1933 05 -0.2092
1933 06 -0.2013
1933 07 -0.1814
1933 08 -0.1886
1933 09 -0.2219
1933 10 -0.1878
1933 11 -0.2575
1933 12 -0.4123
1934 01 -0.3162
1934 02 -0.0261
1934 03 -0.2607
1934 04 -0.2353
1934 05 -0.0490
1934 06 -0.0100
1934 07 -0.0933
1934 08 -0.0569
1934 09 -0.1256
1934 10 -0.0717
1934 11 0.0039
1934 12 -0.0286
1935 01 -0.2952
1935 02 0.1619
1935 03 -0.1524
1935 04 -0.2597
1935 05 -0.2061
1935 06 -0.1748
1935 07 -0.1178
1935 08 -0.1030
1935 09 -0.0920
1935 10 -0.0144
1935 11 -0.2711
1935 12 -0.1783
1936 01 -0.2573
1936 02 -0.3156
1936 03 -0.2128
1936 04 -0.1813
1936 05 -0.1184
1936 06 -0.1084
1936 07 -0.0126
1936 08 -0.0554
1936 09 -0.0408
1936 10 -0.0250
1936 11 -0.0283
1936 12 -0.0213
1937 01 -0.1731
1937 02 0.0347
1937 03 -0.1871
1937 04 -0.1277
1937 05 -0.0240
1937 06 0.0073
1937 07 -0.0034
1937 08 0.0885
1937 09 0.1265
1937 10 0.1099
1937 11 0.0049
1937 12 -0.0926
1938 01 -0.0397
1938 02 -0.0545
1938 03 0.0307
1938 04 0.0422
1938 05 -0.0196
1938 06 -0.0927
1938 07 -0.0511
1938 08 -0.0173
1938 09 0.0301
1938 10 0.0748
1938 11 0.0056
1938 12 -0.2560
1939 01 -0.1646
1939 02 -0.1124
1939 03 -0.1879
1939 04 -0.1298
1939 05 -0.0357
1939 06 -0.0099
1939 07 0.0089
1939 08 0.0582
1939 09 0.0131
1939 10 -0.0415
1939 11 0.0467
1939 12 0.4058
1940 01 -0.1259
1940 02 0.0473
1940 03 0.0654
1940 04 0.1257
1940 05 0.0545
1940 06 0.1058
1940 07 0.1475
1940 08 0.0946
1940 09 0.1478
1940 10 0.1017
1940 11 0.0987
1940 12 0.2686
1941 01 0.1766
1941 02 0.2245
1941 03 0.1037
1941 04 0.2227
1941 05 0.2450
1941 06 0.1625
1941 07 0.2072
1941 08 0.1745
1941 09 0.0859
1941 10 0.3133
1941 11 0.2226
1941 12 0.2100
1942 01 0.2977
1942 02 0.0960
1942 03 0.1774
1942 04 0.1902
1942 05 0.1659
1942 06 0.2111
1942 07 0.0802
1942 08 0.0449
1942 09 0.1168
1942 10 0.1476
1942 11 0.1679
1942 12 0.1496
1943 01 -0.0271
1943 02 0.1659
1943 03 0.0771
1943 04 0.1723
1943 05 0.1336
1943 06 0.0246
1943 07 0.1871
1943 08 0.0989
1943 09 0.1445
1943 10 0.3124
1943 11 0.2491
1943 12 0.3585
1944 01 0.4249
1944 02 0.3024
1944 03 0.3673
1944 04 0.2679
1944 05 0.2648
1944 06 0.3385
1944 07 0.3152
1944 08 0.2766
1944 09 0.3869
1944 10 0.3186
1944 11 0.1492
1944 12 0.0988
1945 01 0.1550
1945 02 0.0180
1945 03 0.1123
1945 04 0.2805
1945 05 0.1747
1945 06 0.1450
1945 07 0.1712
1945 08 0.3571
1945 09 0.2626
1945 10 0.2634
1945 11 0.1984
1945 12 -0.0477
1946 01 0.2238
1946 02 0.0902
1946 03 0.0024
1946 04 0.1773
1946 05 -0.0285
1946 06 -0.1016
1946 07 -0.0334
1946 08 -0.0673
1946 09 -0.0172
1946 10 -0.0100
1946 11 -0.0134
1946 12 -0.2651
1947 01 -0.1832
1947 02 -0.0776
1947 03 -0.0100
1947 04 0.0162
1947 05 -0.0208
1947 06 0.0185
1947 07 -0.0135
1947 08 -0.0621
1947 09 -0.1312
1947 10 0.0549
1947 11 -0.0242
1947 12 -0.1458
1948 01 0.0508
1948 02 -0.0935
1948 03 -0.1878
1948 04 -0.0643
1948 05 0.1458
1948 06 -0.0120
1948 07 -0.0588
1948 08 -0.0234
1948 09 -0.1023
1948 10 -0.0633
1948 11 -0.0582
1948 12 -0.1106
1949 01 0.1228
1949 02 -0.1454
1949 03 -0.0710
1949 04 0.0085
1949 05 -0.0042
1949 06 -0.1470
1949 07 -0.0738
1949 08 -0.0200
1949 09 -0.0699
1949 10 -0.0310
1949 11 -0.0522
1949 12 -0.1806
1950 01 -0.2764
1950 02 -0.2381
1950 03 -0.0844
1950 04 -0.1683
1950 05 -0.0514
1950 06 -0.0551
1950 07 -0.1002
1950 08 -0.1347
1950 09 -0.1024
1950 10 -0.1651
1950 11 -0.3609
1950 12 -0.1793
1951 01 -0.2893
1951 02 -0.4088
1951 03 -0.1669
1951 04 -0.0856
1951 05 0.0588
1951 06 0.0385
1951 07 0.1101
1951 08 0.1163
1951 09 0.1337
1951 10 0.1089
1951 11 0.0269
1951 12 0.2159
1952 01 0.1541
1952 02 0.0937
1952 03 -0.0448
1952 04 0.0697
1952 05 0.0368
1952 06 0.0413
1952 07 0.0753
1952 08 0.0691
1952 09 0.0702
1952 10 -0.0350
1952 11 -0.1953
1952 12 -0.0063
1953 01 0.1036
1953 02 0.1568
1953 03 0.1579
1953 04 0.1892
1953 05 0.1471
1953 06 0.1275
1953 07 0.0698
1953 08 0.0830
1953 09 0.0659
1953 10 0.0747
1953 11 -0.0593
1953 12 0.0578
1954 01 -0.2348
1954 02 -0.0843
1954 03 -0.0884
1954 04 -0.1741
1954 05 -0.1984
1954 06 -0.1132
1954 07 -0.1202
1954 08 -0.0864
1954 09 -0.0552
1954 10 -0.0676
1954 11 0.0413
1954 12 -0.1823
1955 01 0.0917
1955 02 -0.1275
1955 03 -0.3061
1955 04 -0.2373
1955 05 -0.1255
1955 06 -0.0682
1955 07 -0.0868
1955 08 -0.0246
1955 09 -0.0912
1955 10 -0.1228
1955 11 -0.2360
1955 12 -0.2676
1956 01 -0.1739
1956 02 -0.2690
1956 03 -0.1951
1956 04 -0.2825
1956 05 -0.2244
1956 06 -0.1411
1956 07 -0.1330
1956 08 -0.1845
1956 09 -0.2498
1956 10 -0.1966
1956 11 -0.1516
1956 12 -0.1494
1957 01 -0.1150
1957 02 -0.1085
1957 03 -0.0636
1957 04 -0.0152
1957 05 0.1111
1957 06 0.1610
1957 07 0.0618
1957 08 0.1327
1957 09 0.0763
1957 10 0.0171
1957 11 0.1324
1957 12 0.2336
1958 01 0.3014
1958 02 0.2135
1958 03 0.1224
1958 04 0.1175
1958 05 0.1069
1958 06 0.0669
1958 07 0.0685
1958 08 0.0561
1958 09 0.0225
1958 10 0.0425
1958 11 0.0930
1958 12 0.1477
1959 01 0.1289
1959 02 0.0722
1959 03 0.2093
1959 04 0.1210
1959 05 0.0315
1959 06 0.0888
1959 07 0.0706
1959 08 0.0553
1959 09 0.1008
1959 10 -0.0098
1959 11 -0.0750
1959 12 -0.0305
1960 01 0.0073
1960 02 0.1895
1960 03 -0.1999
1960 04 -0.0916
1960 05 -0.0806
1960 06 0.0806
1960 07 0.0356
1960 08 0.0486
1960 09 0.0669
1960 10 0.0412
1960 11 -0.0458
1960 12 0.2311
1961 01 0.1231
1961 02 0.1817
1961 03 0.1675
1961 04 0.1367
1961 05 0.1647
1961 06 0.1517
1961 07 0.0386
1961 08 0.0352
1961 09 -0.0034
1961 10 -0.0322
1961 11 0.0181
1961 12 -0.0149
1962 01 0.1368
1962 02 0.1728
1962 03 0.1226
1962 04 0.0795
1962 05 0.0614
1962 06 0.0606
1962 07 0.0933
1962 08 0.0592
1962 09 0.0651
1962 10 0.0813
1962 11 0.0792
1962 12 0.0910
1963 01 0.0407
1963 02 0.2598
1963 03 -0.0203
1963 04 -0.0013
1963 05 0.0144
1963 06 0.0492
1963 07 0.1390
1963 08 0.1592
1963 09 0.1657
1963 10 0.2152
1963 11 0.1959
1963 12 0.0841
1964 01 0.0517
1964 02 -0.1021
1964 03 -0.1400
1964 04 -0.1818
1964 05 -0.0960
1964 06 -0.0908
1964 07 -0.1106
1964 08 -0.1662
1964 09 -0.2070
1964 10 -0.2639
1964 11 -0.2008
1964 12 -0.2627
1965 01 -0.0678
1965 02 -0.1942
1965 03 -0.0987
1965 04 -0.1852
1965 05 -0.0754
1965 06 -0.0428
1965 07 -0.0838
1965 08 -0.0458
1965 09 -0.0498
1965 10 0.0240
1965 11 -0.0889
1965 12 -0.0107
1966 01 -0.0435
1966 02 -0.0359
1966 03 -0.0005
1966 04 -0.0890
1966 05 -0.0339
1966 06 0.0582
1966 07 0.0671
1966 08 0.0204
1966 09 0.0265
1966 10 -0.0581
1966 11 -0.0432
1966 12 -0.1218
1967 01 -0.1044
1967 02 -0.1637
1967 03 0.0054
1967 04 0.0085
1967 05 0.1270
1967 06 -0.0285
1967 07 -0.0174
1967 08 -0.0037
1967 09 -0.0303
1967 10 0.1305
1967 11 -0.0200
1967 12 -0.0398
1968 01 -0.1853
1968 02 -0.1248
1968 03 0.1524
1968 04 -0.0684
1968 05 -0.0787
1968 06 -0.0157
1968 07 -0.0204
1968 08 -0.0157
1968 09 -0.0113
1968 10 0.0480
1968 11 0.0175
1968 12 -0.0406
1969 01 -0.1284
1969 02 -0.1029
1969 03 0.1217
1969 04 0.1950
1969 05 0.1757
1969 06 0.0759
1969 07 0.0924
1969 08 0.0980
1969 09 0.0860
1969 10 0.0719
1969 11 0.1941
1969 12 0.2495
1970 01 0.1238
1970 02 0.2389
1970 03 0.0364
1970 04 0.1339
1970 05 0.0434
1970 06 0.0291
1970 07 -0.0213
1970 08 -0.0195
1970 09 0.0088
1970 10 -0.0353
1970 11 0.0239
1970 12 -0.0937
1971 01 -0.0019
1971 02 -0.2123
1971 03 -0.1370
1971 04 -0.1273
1971 05 -0.0883
1971 06 -0.1245
1971 07 -0.0618
1971 08 -0.0681
1971 09 -0.0404
1971 10 -0.0745
1971 11 0.0397
1971 12 -0.0188
1972 01 -0.2391
1972 02 -0.1605
1972 03 0.0074
1972 04 0.0402
1972 05 0.0182
1972 06 0.0793
1972 07 0.0684
1972 08 0.0924
1972 09 0.0234
1972 10 0.0924
1972 11 0.0798
1972 12 0.2554
1973 01 0.2614
1973 02 0.3773
1973 03 0.3325
1973 04 0.2537
1973 05 0.2186
1973 06 0.1984
1973 07 0.1174
1973 08 0.0803
1973 09 0.0556
1973 10 0.0456
1973 11 0.0236
1973 12 0.0274
1974 01 -0.1933
1974 02 -0.2530
1974 03 -0.0484
1974 04 -0.0395
1974 05 -0.0223
1974 06 -0.0369
1974 07 0.0197
1974 08 0.0138
1974 09 -0.0415
1974 10 -0.0797
1974 11 -0.0659
1974 12 -0.0956
1975 01 0.1216
1975 02 0.0347
1975 03 0.1116
1975 04 0.0803
1975 05 0.0712
1975 06 0.0362
1975 07 0.0053
1975 08 -0.0663
1975 09 0.0185
1975 10 -0.1218
1975 11 -0.1424
1975 12 -0.0886
1976 01 -0.0159
1976 02 -0.1188
1976 03 -0.2338
1976 04 -0.0198
1976 05 -0.1195
1976 06 -0.0730
1976 07 -0.0847
1976 08 -0.0879
1976 09 -0.0428
1976 10 -0.1813
1976 11 -0.0397
1976 12 0.0926
1977 01 0.0654
1977 02 0.2396
1977 03 0.3103
1977 04 0.2840
1977 05 0.2388
1977 06 0.2472
1977 07 0.1728
1977 08 0.1426
1977 09 0.1878
1977 10 0.1189
1977 11 0.2611
1977 12 0.1130
1978 01 0.1624
1978 02 0.1312
1978 03 0.2254
1978 04 0.1349
1978 05 0.0612
1978 06 0.0521
1978 07 0.0701
1978 08 0.0033
1978 09 0.0744
1978 10 0.0642
1978 11 0.2262
1978 12 0.1528
1979 01 0.1623
1979 02 0.0928
1979 03 0.2459
1979 04 0.1133
1979 05 0.1577
1979 06 0.2177
1979 07 0.1751
1979 08 0.2266
1979 09 0.2524
1979 10 0.2944
1979 11 0.2967
1979 12 0.5047
1980 01 0.3112
1980 02 0.3531
1980 03 0.2418
1980 04 0.3095
1980 05 0.3191
1980 06 0.2473
1980 07 0.2197
1980 08 0.1969
1980 09 0.2032
1980 10 0.1838
1980 11 0.3328
1980 12 0.2708
1981 01 0.4702
1981 02 0.3654
1981 03 0.4118
1981 04 0.3575
1981 05 0.2626
1981 06 0.2845
1981 07 0.2271
1981 08 0.2436
1981 09 0.1896
1981 10 0.1712
1981 11 0.2182
1981 12 0.4241
1982 01 0.1375
1982 02 0.1597
1982 03 0.0857
1982 04 0.2073
1982 05 0.1929
1982 06 0.1250
1982 07 0.1449
1982 08 0.1414
1982 09 0.2366
1982 10 0.1789
1982 11 0.1503
1982 12 0.4374
1983 01 0.5185
1983 02 0.4847
1983 03 0.4277
1983 04 0.2957
1983 05 0.2918
1983 06 0.2660
1983 07 0.2663
1983 08 0.3244
1983 09 0.3184
1983 10 0.2136
1983 11 0.4342
1983 12 0.2765
1984 01 0.2849
1984 02 0.1776
1984 03 0.2741
1984 04 0.1518
1984 05 0.2852
1984 06 0.1308
1984 07 0.1205
1984 08 0.1693
1984 09 0.1437
1984 10 0.1199
1984 11 0.0392
1984 12 -0.0908
1985 01 0.1807
1985 02 0.0193
1985 03 0.1893
1985 04 0.1505
1985 05 0.1974
1985 06 0.1290
1985 07 0.0776
1985 08 0.1290
1985 09 0.1020
1985 10 0.1306
1985 11 0.1193
1985 12 0.2000
1986 01 0.3257
1986 02 0.2814
1986 03 0.2971
1986 04 0.2622
1986 05 0.2513
1986 06 0.2527
1986 07 0.1677
1986 08 0.1686
1986 09 0.1716
1986 10 0.2057
1986 11 0.1560
1986 12 0.2186
1987 01 0.3128
1987 02 0.5039
1987 03 0.2560
1987 04 0.3028
1987 05 0.3329
1987 06 0.2994
1987 07 0.4170
1987 08 0.3825
1987 09 0.4325
1987 10 0.3347
1987 11 0.3315
1987 12 0.5315
1988 01 0.5499
1988 02 0.3898
1988 03 0.4842
1988 04 0.4437
1988 05 0.3820
1988 06 0.3865
1988 07 0.3423
1988 08 0.3192
1988 09 0.3201
1988 10 0.2994
1988 11 0.2278
1988 12 0.3618
1989 01 0.2156
1989 02 0.3059
1989 03 0.3356
1989 04 0.2901
1989 05 0.2787
1989 06 0.2749
1989 07 0.3025
1989 08 0.3024
1989 09 0.3022
1989 10 0.3041
1989 11 0.2536
1989 12 0.3993
1990 01 0.3633
1990 02 0.4058
1990 03 0.7334
1990 04 0.4919
1990 05 0.4279
1990 06 0.4106
1990 07 0.3445
1990 08 0.3466
1990 09 0.3135
1990 10 0.4266
1990 11 0.4786
1990 12 0.4472
1991 01 0.4527
1991 02 0.4695
1991 03 0.3690
1991 04 0.5187
1991 05 0.4130
1991 06 0.4809
1991 07 0.4445
1991 08 0.3862
1991 09 0.3852
1991 10 0.3304
1991 11 0.3188
1991 12 0.3052
1992 01 0.4713
1992 02 0.4500
1992 03 0.4361
1992 04 0.2932
1992 05 0.3274
1992 06 0.2801
1992 07 0.1351
1992 08 0.1388
1992 09 0.0623
1992 10 0.1147
1992 11 0.0923
1992 12 0.2839
1993 01 0.3858
1993 02 0.3976
1993 03 0.4230
1993 04 0.3163
1993 05 0.3446
1993 06 0.2917
1993 07 0.2329
1993 08 0.2109
1993 09 0.1694
1993 10 0.2429
1993 11 0.0930
1993 12 0.3176
1994 01 0.2922
1994 02 0.0808
1994 03 0.3563
1994 04 0.3607
1994 05 0.3823
1994 06 0.3828
1994 07 0.3124
1994 08 0.3083
1994 09 0.3300
1994 10 0.4276
1994 11 0.4522
1994 12 0.4029
1995 01 0.5507
1995 02 0.6912
1995 03 0.4653
1995 04 0.4104
1995 05 0.3564
1995 06 0.4652
1995 07 0.4277
1995 08 0.5024
1995 09 0.3856
1995 10 0.4373
1995 11 0.4542
1995 12 0.3459
1996 01 0.2638
1996 02 0.4558
1996 03 0.3249
1996 04 0.2733
1996 05 0.3880
1996 06 0.3524
1996 07 0.3223
1996 08 0.3170
1996 09 0.2652
1996 10 0.2266
1996 11 0.2815
1996 12 0.3873
1997 01 0.3755
1997 02 0.4292
1997 03 0.4630
1997 04 0.4550
1997 05 0.4210
1997 06 0.5310
1997 07 0.5074
1997 08 0.5436
1997 09 0.6210
1997 10 0.6443
1997 11 0.5866
1997 12 0.6267
1998 01 0.6041
1998 02 0.8643
1998 03 0.6384
1998 04 0.7328
1998 05 0.6653
1998 06 0.6627
1998 07 0.7323
1998 08 0.6790
1998 09 0.5222
1998 10 0.4948
1998 11 0.4087
1998 12 0.5806
1999 01 0.5003
1999 02 0.6716
1999 03 0.3710
1999 04 0.4557
1999 05 0.4087
1999 06 0.4191
1999 07 0.4008
1999 08 0.3678
1999 09 0.3975
1999 10 0.3745
1999 11 0.3687
1999 12 0.5777
2000 01 0.3444
2000 02 0.5438
2000 03 0.5558
2000 04 0.6294
2000 05 0.4681
2000 06 0.4073
2000 07 0.3929
2000 08 0.4555
2000 09 0.4339
2000 10 0.3022
2000 11 0.2569
2000 12 0.3190
2001 01 0.4755
2001 02 0.3971
2001 03 0.6293
2001 04 0.5671
2001 05 0.6021
2001 06 0.5346
2001 07 0.5573
2001 08 0.6011
2001 09 0.5021
2001 10 0.4981
2001 11 0.6873
2001 12 0.5099
2002 01 0.7019
2002 02 0.7853
2002 03 0.7897
2002 04 0.5724
2002 05 0.5655
2002 06 0.5883
2002 07 0.6227
2002 08 0.5364
2002 09 0.5671
2002 10 0.4786
2002 11 0.5917
2002 12 0.4362
2003 01 0.6922
2003 02 0.5631
2003 03 0.5712
2003 04 0.5614
2003 05 0.5971
2003 06 0.5412
2003 07 0.5433
2003 08 0.6206
2003 09 0.6402
2003 10 0.7281
2003 11 0.5803
2003 12 0.7373
2004 01 0.5992
2004 02 0.7255
2004 03 0.7013
2004 04 0.5965
2004 05 0.4491
2004 06 0.4710
2004 07 0.4825
2004 08 0.5157
2004 09 0.5335
2004 10 0.6182
2004 11 0.7608
2004 12 0.5130
2005 01 0.6273
2005 02 0.5200
2005 03 0.6929
2005 04 0.7336
2005 05 0.6604
2005 06 0.6737
2005 07 0.6581
2005 08 0.6264
2005 09 0.6868
2005 10 0.6930
2005 11 0.7275
2005 12 0.6225
2006 01 0.4676
2006 02 0.6240
2006 03 0.5961
2006 04 0.5199
2006 05 0.5512
2006 06 0.6377
2006 07 0.6233
2006 08 0.6260
2006 09 0.6337
2006 10 0.6794
2006 11 0.6439
2006 12 0.7654
2007 01 0.8851
2007 02 0.6631
2007 03 0.6686
2007 04 0.7347
2007 05 0.6120
2007 06 0.5387
2007 07 0.5312
2007 08 0.5527
2007 09 0.5785
2007 10 0.5661
2007 11 0.5175
2007 12 0.4887
2008 01 0.2774
2008 02 0.3784
2008 03 0.7638
2008 04 0.4842
2008 05 0.5015
2008 06 0.5321
2008 07 0.5780
2008 08 0.5603
2008 09 0.5310
2008 10 0.6700
2008 11 0.6690
2008 12 0.5648
2009 01 0.5950
2009 02 0.5635
2009 03 0.5797
2009 04 0.6547
2009 05 0.5895
2009 06 0.6743
2009 07 0.6409
2009 08 0.7004
2009 09 0.7067
2009 10 0.6417
2009 11 0.6699
2009 12 0.6152
2010 01 0.6982
2010 02 0.7106
2010 03 0.8480
2010 04 0.8298
2010 05 0.7592
2010 06 0.7351
2010 07 0.7288
2010 08 0.6565
2010 09 0.5713
2010 10 0.6249
2010 11 0.7716
2010 12 0.4858
2011 01 0.4686
2011 02 0.4971
2011 03 0.5923
2011 04 0.6552
2011 05 0.5765
2011 06 0.6438
2011 07 0.6279
2011 08 0.6145
2011 09 0.5983
2011 10 0.6364
2011 11 0.4842
2011 12 0.5473
2012 01 0.4236
2012 02 0.4250
2012 03 0.5252
2012 04 0.7334
2012 05 0.7216
2012 06 0.7015
2012 07 0.6874
2012 08 0.6685
2012 09 0.7225
2012 10 0.6990
2012 11 0.7049
2012 12 0.4609
2013 01 0.5846
2013 02 0.6337
2013 03 0.6114
2013 04 0.5618
2013 05 0.7156
2013 06 0.6832
2013 07 0.6653
2013 08 0.6572
2013 09 0.6825
2013 10 0.6766
2013 11 0.8246
2013 12 0.6940
2014 01 0.6897
2014 02 0.4751
2014 03 0.7678
2014 04 0.7982
2014 05 0.7917
2014 06 0.7585
2014 07 0.6937
2014 08 0.7935
2014 09 0.7870
2014 10 0.7823
2014 11 0.6861
2014 12 0.8302
2015 01 0.8151
2015 02 0.8858
2015 03 0.8967
2015 04 0.7764
2015 05 0.8587
2015 06 0.8823
2015 07 0.8066
2015 08 0.8760
2015 09 0.9252
2015 10 0.9881
2015 11 0.9661
2015 12 1.1179
2016 01 1.0530
2016 02 1.1917
2016 03 1.2291
2016 04 1.0688
2016 05 0.8763
2016 06 0.8898
2016 07 0.8615
2016 08 0.8966
2016 09 0.8869
