Glob al Land and Ocean Temperature Anomalies
Unit s: Degrees Celsius
Base  P riod: 1901-2000
Year ,V lue
1880 01 -0.0117
1880 02 -0.1318
1880 03 -0.1470
1880 04 -0.0649
1880 05 -0.0897
1880 06 -0.1791
1880 07 -0.1621
1880 08 -0.0864
1880 09 -0.0952
1880 10 -0.1921
1880 11 -0.2792
1880 12 -0.0923
1881 01 -0.0291
1881 02 -0.0381
1881 03 0.0207
1881 04 0.0604
1881 05 0.0134
1881 06 -0.0984
1881 07 -0.0459
1881 08 -0.0636
1881 09 -0.1918
1881 10 -0.2321
1881 11 -0.2315
1881 12 -0.0573
1882 01 0.0793
1882 02 0.0283
1882 03 0.0658
1882 04 -0.1356
1882 05 -0.1604
1882 06 -0.1502
1882 07 -0.0762
1882 08 -0.0171
1882 09 -0.0033
1882 10 -0.2226
1882 11 -0.1394
1882 12 -0.1816
1883 01 -0.2800
1883 02 -0.3030
1883 03 -0.1415
1883 04 -0.1855
1883 05 -0.1572
1883 06 -0.0191
1883 07 -0.0962
1883 08 -0.0622
1883 09 -0.1586
1883 10 -0.1758
1883 11 -0.1833
1883 12 -0.0916
1884 01 -0.1997
1884 02 -0.1579
1884 03 -0.2206
1884 04 -0.1962
1884 05 -0.1443
1884 06 -0.2094
1884 07 -0.3154
1884 08 -0.2850
1884 09 -0.2393
1884 10 -0.1862
1884 11 -0.2834
1884 12 -0.1620
1885 01 -0.4411
1885 02 -0.2709
1885 03 -0.1601
1885 04 -0.2710
1885 05 -0.2942
1885 06 -0.3223
1885 07 -0.2515
1885 08 -0.2564
1885 09 -0.2093
1885 10 -0.1431
1885 11 -0.1397
1885 12 0.0341
1886 01 -0.1260
1886 02 -0.2919
1886 03 -0.2959
1886 04 -0.1820
1886 05 -0.1716
1886 06 -0.2598
1886 07 -0.1734
1886 08 -0.2278
1886 09 -0.2085
1886 10 -0.2396
1886 11 -0.2064
1886 12 -0.1765
1887 01 -0.3906
1887 02 -0.3841
1887 03 -0.1756
1887 04 -0.2010
1887 05 -0.2524
1887 06 -0.2276
1887 07 -0.2806
1887 08 -0.3256
1887 09 -0.1937
1887 10 -0.3102
1887 11 -0.1699
1887 12 -0.2124
1888 01 -0.4047
1888 02 -0.3423
1888 03 -0.3181
1888 04 -0.1905
1888 05 -0.1720
1888 06 -0.1075
1888 07 -0.1340
1888 08 -0.1757
1888 09 -0.0816
1888 10 0.0053
1888 11 -0.0560
1888 12 0.0324
1889 01 -0.1064
1889 02 -0.0006
1889 03 0.1086
1889 04 0.0385
1889 05 -0.0383
1889 06 -0.0822
1889 07 -0.1712
1889 08 -0.1564
1889 09 -0.2383
1889 10 -0.2032
1889 11 -0.2915
1889 12 -0.1877
1890 01 -0.3671
1890 02 -0.4388
1890 03 -0.3182
1890 04 -0.2710
1890 05 -0.3945
1890 06 -0.3038
1890 07 -0.2931
1890 08 -0.3366
1890 09 -0.3552
1890 10 -0.3042
1890 11 -0.3508
1890 12 -0.2475
1891 01 -0.3914
1891 02 -0.5300
1891 03 -0.2220
1891 04 -0.2667
1891 05 -0.1459
1891 06 -0.2090
1891 07 -0.2268
1891 08 -0.2340
1891 09 -0.1602
1891 10 -0.3004
1891 11 -0.4015
1891 12 -0.0500
1892 01 -0.2524
1892 02 -0.1393
1892 03 -0.3179
1892 04 -0.3218
1892 05 -0.3123
1892 06 -0.2939
1892 07 -0.3608
1892 08 -0.3442
1892 09 -0.2324
1892 10 -0.2568
1892 11 -0.4804
1892 12 -0.4824
1893 01 -0.6870
1893 02 -0.6241
1893 03 -0.2327
1893 04 -0.3561
1893 05 -0.3475
1893 06 -0.2451
1893 07 -0.2079
1893 08 -0.3327
1893 09 -0.2682
1893 10 -0.2185
1893 11 -0.1729
1893 12 -0.2576
1894 01 -0.4407
1894 02 -0.2280
1894 03 -0.2121
1894 04 -0.3099
1894 05 -0.3093
1894 06 -0.3548
1894 07 -0.2799
1894 08 -0.2787
1894 09 -0.2603
1894 10 -0.2207
1894 11 -0.3034
1894 12 -0.2452
1895 01 -0.4456
1895 02 -0.4226
1895 03 -0.2910
1895 04 -0.1906
1895 05 -0.2148
1895 06 -0.3028
1895 07 -0.2065
1895 08 -0.2284
1895 09 -0.1371
1895 10 -0.1336
1895 11 -0.1608
1895 12 -0.0723
1896 01 -0.1074
1896 02 -0.0828
1896 03 -0.2115
1896 04 -0.2667
1896 05 -0.1058
1896 06 -0.0923
1896 07 -0.0507
1896 08 -0.0721
1896 09 -0.0683
1896 10 -0.0080
1896 11 -0.1659
1896 12 0.0490
1897 01 -0.1900
1897 02 -0.1152
1897 03 -0.1890
1897 04 -0.0069
1897 05 -0.0276
1897 06 -0.1025
1897 07 -0.0427
1897 08 -0.0756
1897 09 -0.0268
1897 10 -0.1613
1897 11 -0.2405
1897 12 -0.2970
1898 01 -0.0443
1898 02 -0.2844
1898 03 -0.6598
1898 04 -0.3541
1898 05 -0.2984
1898 06 -0.2104
1898 07 -0.2438
1898 08 -0.2312
1898 09 -0.2016
1898 10 -0.3249
1898 11 -0.2424
1898 12 -0.0085
1899 01 -0.0985
1899 02 -0.2848
1899 03 -0.2618
1899 04 -0.1976
1899 05 -0.1226
1899 06 -0.1996
1899 07 -0.1145
1899 08 -0.0645
1899 09 -0.0287
1899 10 -0.0019
1899 11 0.1507
1899 12 -0.1695
1900 01 -0.2492
1900 02 -0.0983
1900 03 -0.0474
1900 04 -0.1005
1900 05 -0.0436
1900 06 -0.0530
1900 07 -0.0767
1900 08 -0.0734
1900 09 -0.0641
1900 10 0.0444
1900 11 -0.1389
1900 12 0.0288
1901 01 -0.1277
1901 02 -0.0794
1901 03 -0.0339
1901 04 -0.0675
1901 05 -0.1265
1901 06 -0.1320
1901 07 -0.1545
1901 08 -0.1342
1901 09 -0.2081
1901 10 -0.2823
1901 11 -0.1438
1901 12 -0.2410
1902 01 -0.0919
1902 02 -0.0425
1902 03 -0.2044
1902 04 -0.2745
1902 05 -0.2643
1902 06 -0.3387
1902 07 -0.2913
1902 08 -0.2662
1902 09 -0.2380
1902 10 -0.2856
1902 11 -0.3452
1902 12 -0.3718
1903 01 -0.2163
1903 02 -0.0895
1903 03 -0.2840
1903 04 -0.3600
1903 05 -0.3947
1903 06 -0.3812
1903 07 -0.3349
1903 08 -0.4342
1903 09 -0.3774
1903 10 -0.4383
1903 11 -0.3954
1903 12 -0.3884
1904 01 -0.5424
1904 02 -0.4651
1904 03 -0.5115
1904 04 -0.4740
1904 05 -0.4291
1904 06 -0.4414
1904 07 -0.4557
1904 08 -0.4282
1904 09 -0.4637
1904 10 -0.4078
1904 11 -0.1674
1904 12 -0.2433
1905 01 -0.3549
1905 02 -0.6193
1905 03 -0.3923
1905 04 -0.4522
1905 05 -0.2920
1905 06 -0.2466
1905 07 -0.1875
1905 08 -0.2215
1905 09 -0.2196
1905 10 -0.2960
1905 11 -0.0906
1905 12 -0.1318
1906 01 -0.1729
1906 02 -0.2354
1906 03 -0.1452
1906 04 -0.0493
1906 05 -0.2154
1906 06 -0.1723
1906 07 -0.2452
1906 08 -0.2331
1906 09 -0.3029
1906 10 -0.2788
1906 11 -0.3660
1906 12 -0.1628
1907 01 -0.3481
1907 02 -0.4044
1907 03 -0.2791
1907 04 -0.3563
1907 05 -0.4732
1907 06 -0.3775
1907 07 -0.3556
1907 08 -0.3386
1907 09 -0.3429
1907 10 -0.3055
1907 11 -0.5087
1907 12 -0.3932
1908 01 -0.3627
1908 02 -0.3776
1908 03 -0.6074
1908 04 -0.4820
1908 05 -0.4022
1908 06 -0.4081
1908 07 -0.3876
1908 08 -0.4806
1908 09 -0.3969
1908 10 -0.5163
1908 11 -0.4836
1908 12 -0.3816
1909 01 -0.5507
1909 02 -0.4581
1909 03 -0.5420
1909 04 -0.5284
1909 05 -0.4538
1909 06 -0.4168
1909 07 -0.4358
1909 08 -0.3062
1909 09 -0.3625
1909 10 -0.3925
1909 11 -0.2756
1909 12 -0.4075
1910 01 -0.3054
1910 02 -0.3604
1910 03 -0.4231
1910 04 -0.3412
1910 05 -0.3051
1910 06 -0.3539
1910 07 -0.3257
1910 08 -0.3307
1910 09 -0.3309
1910 10 -0.4190
1910 11 -0.4959
1910 12 -0.5639
1911 01 -0.5097
1911 02 -0.5292
1911 03 -0.5707
1911 04 -0.5084
1911 05 -0.4734
1911 06 -0.4385
1911 07 -0.4606
1911 08 -0.4486
1911 09 -0.3917
1911 10 -0.3358
1911 11 -0.2498
1911 12 -0.2367
1912 01 -0.2734
1912 02 -0.1083
1912 03 -0.3075
1912 04 -0.1995
1912 05 -0.2229
1912 06 -0.2544
1912 07 -0.3125
1912 08 -0.4482
1912 09 -0.5005
1912 10 -0.5173
1912 11 -0.4075
1912 12 -0.3530
1913 01 -0.3494
1913 02 -0.3837
1913 03 -0.4052
1913 04 -0.3462
1913 05 -0.3926
1913 06 -0.3751
1913 07 -0.3492
1913 08 -0.3227
1913 09 -0.3500
1913 10 -0.3075
1913 11 -0.1318
1913 12 -0.0348
1914 01 0.0991
1914 02 -0.1138
1914 03 -0.1589
1914 04 -0.2454
1914 05 -0.1615
1914 06 -0.1882
1914 07 -0.2040
1914 08 -0.1713
1914 09 -0.1773
1914 10 -0.0924
1914 11 -0.1182
1914 12 -0.0976
1915 01 -0.1346
1915 02 -0.0104
1915 03 -0.1024
1915 04 0.0244
1915 05 -0.0660
1915 06 -0.0813
1915 07 -0.0253
1915 08 -0.0680
1915 09 -0.1105
1915 10 -0.1681
1915 11 -0.0076
1915 12 -0.0483
1916 01 -0.1769
1916 02 -0.1715
1916 03 -0.2932
1916 04 -0.1960
1916 05 -0.2210
1916 06 -0.3790
1916 07 -0.2832
1916 08 -0.2723
1916 09 -0.2560
1916 10 -0.2601
1916 11 -0.3895
1916 12 -0.5685
1917 01 -0.4201
1917 02 -0.4656
1917 03 -0.4210
1917 04 -0.3087
1917 05 -0.4443
1917 06 -0.3368
1917 07 -0.1648
1917 08 -0.1660
1917 09 -0.0531
1917 10 -0.2562
1917 11 -0.1255
1917 12 -0.5260
1918 01 -0.2058
1918 02 -0.2822
1918 03 -0.1743
1918 04 -0.2916
1918 05 -0.2715
1918 06 -0.1680
1918 07 -0.1916
1918 08 -0.1671
1918 09 -0.1383
1918 10 -0.0872
1918 11 -0.1043
1918 12 -0.3107
1919 01 -0.2330
1919 02 -0.0500
1919 03 -0.2314
1919 04 -0.0644
1919 05 -0.1778
1919 06 -0.2277
1919 07 -0.2066
1919 08 -0.2011
1919 09 -0.1730
1919 10 -0.2133
1919 11 -0.3121
1919 12 -0.2914
1920 01 -0.1120
1920 02 -0.2240
1920 03 -0.0559
1920 04 -0.2069
1920 05 -0.1663
1920 06 -0.2515
1920 07 -0.2394
1920 08 -0.2246
1920 09 -0.1720
1920 10 -0.2068
1920 11 -0.2494
1920 12 -0.3846
1921 01 -0.0562
1921 02 -0.1462
1921 03 -0.2155
1921 04 -0.2035
1921 05 -0.1878
1921 06 -0.1624
1921 07 -0.1105
1921 08 -0.1910
1921 09 -0.1446
1921 10 -0.0632
1921 11 -0.1821
1921 12 -0.0809
1922 01 -0.3194
1922 02 -0.2901
1922 03 -0.0748
1922 04 -0.1249
1922 05 -0.2606
1922 06 -0.2794
1922 07 -0.2589
1922 08 -0.2750
1922 09 -0.2521
1922 10 -0.2442
1922 11 -0.1889
1922 12 -0.1517
1923 01 -0.2120
1923 02 -0.3744
1923 03 -0.2647
1923 04 -0.3354
1923 05 -0.2462
1923 06 -0.1911
1923 07 -0.2751
1923 08 -0.2764
1923 09 -0.2407
1923 10 -0.1546
1923 11 0.0341
1923 12 0.0087
1924 01 -0.2457
1924 02 -0.1812
1924 03 -0.1101
1924 04 -0.2398
1924 05 -0.1850
1924 06 -0.2200
1924 07 -0.2132
1924 08 -0.2823
1924 09 -0.2776
1924 10 -0.2817
1924 11 -0.2905
1924 12 -0.3938
1925 01 -0.3146
1925 02 -0.2718
1925 03 -0.1626
1925 04 -0.1598
1925 05 -0.2162
1925 06 -0.2224
1925 07 -0.2018
1925 08 -0.1299
1925 09 -0.0973
1925 10 -0.1230
1925 11 0.0659
1925 12 0.1450
1926 01 0.1735
1926 02 0.0888
1926 03 0.0820
1926 04 -0.1253
1926 05 -0.1255
1926 06 -0.1174
1926 07 -0.1514
1926 08 -0.0805
1926 09 -0.0980
1926 10 -0.0768
1926 11 -0.0726
1926 12 -0.2023
1927 01 -0.1663
1927 02 -0.1819
1927 03 -0.2494
1927 04 -0.2131
1927 05 -0.2164
1927 06 -0.1945
1927 07 -0.0963
1927 08 -0.1074
1927 09 -0.0204
1927 10 0.0244
1927 11 -0.0336
1927 12 -0.3017
1928 01 -0.0706
1928 02 -0.1379
1928 03 -0.2574
1928 04 -0.2407
1928 05 -0.1776
1928 06 -0.2706
1928 07 -0.1718
1928 08 -0.1922
1928 09 -0.1801
1928 10 -0.1166
1928 11 -0.0649
1928 12 -0.1622
1929 01 -0.4760
1929 02 -0.5396
1929 03 -0.2600
1929 04 -0.2948
1929 05 -0.2851
1929 06 -0.2716
1929 07 -0.2697
1929 08 -0.2062
1929 09 -0.2081
1929 10 -0.1141
1929 11 -0.0946
1929 12 -0.5074
1930 01 -0.3210
1930 02 -0.2014
1930 03 -0.0591
1930 04 -0.1944
1930 05 -0.1959
1930 06 -0.1102
1930 07 -0.0595
1930 08 -0.0783
1930 09 -0.0984
1930 10 0.0048
1930 11 0.1444
1930 12 0.0069
1931 01 -0.0469
1931 02 -0.2259
1931 03 -0.0070
1931 04 -0.1609
1931 05 -0.1536
1931 06 -0.0214
1931 07 -0.0127
1931 08 0.0066
1931 09 0.0034
1931 10 0.0120
1931 11 -0.1121
1931 12 -0.1045
1932 01 0.1565
1932 02 -0.1750
1932 03 -0.1807
1932 04 -0.0345
1932 05 -0.1672
1932 06 -0.1556
1932 07 -0.1221
1932 08 -0.1770
1932 09 -0.0704
1932 10 -0.0932
1932 11 -0.1969
1932 12 -0.1891
1933 01 -0.3093
1933 02 -0.3144
1933 03 -0.2489
1933 04 -0.2060
1933 05 -0.2084
1933 06 -0.2001
1933 07 -0.1827
1933 08 -0.1885
1933 09 -0.2222
1933 10 -0.1875
1933 11 -0.2588
1933 12 -0.4112
1934 01 -0.3147
1934 02 -0.0232
1934 03 -0.2595
1934 04 -0.2353
1934 05 -0.0476
1934 06 -0.0087
1934 07 -0.0959
1934 08 -0.0593
1934 09 -0.1273
1934 10 -0.0723
1934 11 0.0034
1934 12 -0.0287
1935 01 -0.2940
1935 02 0.1637
1935 03 -0.1520
1935 04 -0.2610
1935 05 -0.2078
1935 06 -0.1753
1935 07 -0.1178
1935 08 -0.1034
1935 09 -0.0932
1935 10 -0.0159
1935 11 -0.2725
1935 12 -0.1789
1936 01 -0.2582
1936 02 -0.3178
1936 03 -0.2118
1936 04 -0.1815
1936 05 -0.1183
1936 06 -0.1089
1936 07 -0.0131
1936 08 -0.0557
1936 09 -0.0420
1936 10 -0.0247
1936 11 -0.0276
1936 12 -0.0231
1937 01 -0.1728
1937 02 0.0367
1937 03 -0.1853
1937 04 -0.1296
1937 05 -0.0252
1937 06 0.0081
1937 07 -0.0062
1937 08 0.0868
1937 09 0.1252
1937 10 0.1073
1937 11 0.0053
1937 12 -0.0935
1938 01 -0.0410
1938 02 -0.0566
1938 03 0.0279
1938 04 0.0385
1938 05 -0.0241
1938 06 -0.0952
1938 07 -0.0516
1938 08 -0.0195
1938 09 0.0279
1938 10 0.0699
1938 11 0.0012
1938 12 -0.2585
1939 01 -0.1664
1939 02 -0.1120
1939 03 -0.1902
1939 04 -0.1330
1939 05 -0.0391
1939 06 -0.0138
1939 07 0.0031
1939 08 0.0560
1939 09 0.0103
1939 10 -0.0440
1939 11 0.0461
1939 12 0.4064
1940 01 -0.1245
1940 02 0.0480
1940 03 0.0649
1940 04 0.1242
1940 05 0.0523
1940 06 0.1041
1940 07 0.1457
1940 08 0.0936
1940 09 0.1445
1940 10 0.0991
1940 11 0.0992
1940 12 0.2688
1941 01 0.1778
1941 02 0.2282
1941 03 0.1032
1941 04 0.2202
1941 05 0.2408
1941 06 0.1600
1941 07 0.2038
1941 08 0.1703
1941 09 0.0835
1941 10 0.3098
1941 11 0.2165
1941 12 0.2037
1942 01 0.2968
1942 02 0.0971
1942 03 0.1720
1942 04 0.1853
1942 05 0.1596
1942 06 0.2045
1942 07 0.0744
1942 08 0.0352
1942 09 0.1100
1942 10 0.1408
1942 11 0.1614
1942 12 0.1431
1943 01 -0.0325
1943 02 0.1665
1943 03 0.0754
1943 04 0.1705
1943 05 0.1333
1943 06 0.0239
1943 07 0.1870
1943 08 0.0938
1943 09 0.1430
1943 10 0.3109
1943 11 0.2496
1943 12 0.3586
1944 01 0.4239
1944 02 0.2975
1944 03 0.3606
1944 04 0.2635
1944 05 0.2632
1944 06 0.3367
1944 07 0.3118
1944 08 0.2698
1944 09 0.3841
1944 10 0.3178
1944 11 0.1452
1944 12 0.0946
1945 01 0.1540
1945 02 0.0140
1945 03 0.1095
1945 04 0.2775
1945 05 0.1663
1945 06 0.1400
1945 07 0.1649
1945 08 0.3525
1945 09 0.2556
1945 10 0.2579
1945 11 0.1937
1945 12 -0.0537
1946 01 0.2221
1946 02 0.0869
1946 03 -0.0042
1946 04 0.1740
1946 05 -0.0320
1946 06 -0.1086
1946 07 -0.0404
1946 08 -0.0708
1946 09 -0.0244
1946 10 -0.0116
1946 11 -0.0170
1946 12 -0.2722
1947 01 -0.1954
1947 02 -0.0857
1947 03 -0.0165
1947 04 0.0090
1947 05 -0.0264
1947 06 0.0104
1947 07 -0.0252
1947 08 -0.0675
1947 09 -0.1316
1947 10 0.0513
1947 11 -0.0295
1947 12 -0.1497
1948 01 0.0486
1948 02 -0.0967
1948 03 -0.1933
1948 04 -0.0685
1948 05 0.1437
1948 06 -0.0179
1948 07 -0.0636
1948 08 -0.0288
1948 09 -0.1071
1948 10 -0.0681
1948 11 -0.0635
1948 12 -0.1147
1949 01 0.1147
1949 02 -0.1520
1949 03 -0.0764
1949 04 0.0028
1949 05 -0.0077
1949 06 -0.1494
1949 07 -0.0769
1949 08 -0.0250
1949 09 -0.0732
1949 10 -0.0339
1949 11 -0.0568
1949 12 -0.1874
1950 01 -0.2768
1950 02 -0.2380
1950 03 -0.0891
1950 04 -0.1708
1950 05 -0.0529
1950 06 -0.0584
1950 07 -0.1024
1950 08 -0.1384
1950 09 -0.1052
1950 10 -0.1673
1950 11 -0.3608
1950 12 -0.1821
1951 01 -0.2884
1951 02 -0.4053
1951 03 -0.1669
1951 04 -0.0853
1951 05 0.0573
1951 06 0.0384
1951 07 0.1100
1951 08 0.1147
1951 09 0.1355
1951 10 0.1097
1951 11 0.0268
1951 12 0.2169
1952 01 0.1538
1952 02 0.0939
1952 03 -0.0452
1952 04 0.0678
1952 05 0.0372
1952 06 0.0413
1952 07 0.0730
1952 08 0.0668
1952 09 0.0670
1952 10 -0.0346
1952 11 -0.1947
1952 12 -0.0070
1953 01 0.1044
1953 02 0.1552
1953 03 0.1556
1953 04 0.1872
1953 05 0.1457
1953 06 0.1280
1953 07 0.0675
1953 08 0.0819
1953 09 0.0644
1953 10 0.0729
1953 11 -0.0614
1953 12 0.0563
1954 01 -0.2354
1954 02 -0.0864
1954 03 -0.0897
1954 04 -0.1742
1954 05 -0.2003
1954 06 -0.1144
1954 07 -0.1206
1954 08 -0.0887
1954 09 -0.0583
1954 10 -0.0689
1954 11 0.0403
1954 12 -0.1856
1955 01 0.0905
1955 02 -0.1281
1955 03 -0.3068
1955 04 -0.2365
1955 05 -0.1249
1955 06 -0.0680
1955 07 -0.0867
1955 08 -0.0240
1955 09 -0.0935
1955 10 -0.1242
1955 11 -0.2363
1955 12 -0.2691
1956 01 -0.1748
1956 02 -0.2726
1956 03 -0.1975
1956 04 -0.2817
1956 05 -0.2246
1956 06 -0.1441
1956 07 -0.1345
1956 08 -0.1861
1956 09 -0.2506
1956 10 -0.1980
1956 11 -0.1551
1956 12 -0.1532
1957 01 -0.1194
1957 02 -0.1118
1957 03 -0.0664
1957 04 -0.0171
1957 05 0.1110
1957 06 0.1596
1957 07 0.0597
1957 08 0.1299
1957 09 0.0742
1957 10 0.0137
1957 11 0.1281
1957 12 0.2287
1958 01 0.2972
1958 02 0.2101
1958 03 0.1198
1958 04 0.1175
1958 05 0.1059
1958 06 0.0659
1958 07 0.0663
1958 08 0.0565
1958 09 0.0212
1958 10 0.0420
1958 11 0.0932
1958 12 0.1468
1959 01 0.1274
1959 02 0.0706
1959 03 0.2066
1959 04 0.1204
1959 05 0.0302
1959 06 0.0871
1959 07 0.0688
1959 08 0.0537
1959 09 0.0980
1959 10 -0.0110
1959 11 -0.0753
1959 12 -0.0325
1960 01 0.0061
1960 02 0.1878
1960 03 -0.2028
1960 04 -0.0932
1960 05 -0.0830
1960 06 0.0794
1960 07 0.0358
1960 08 0.0487
1960 09 0.0656
1960 10 0.0415
1960 11 -0.0463
1960 12 0.2302
1961 01 0.1209
1961 02 0.1787
1961 03 0.1658
1961 04 0.1350
1961 05 0.1630
1961 06 0.1515
1961 07 0.0358
1961 08 0.0336
1961 09 -0.0052
1961 10 -0.0330
1961 11 0.0170
1961 12 -0.0159
1962 01 0.1356
1962 02 0.1708
1962 03 0.1219
1962 04 0.0787
1962 05 0.0595
1962 06 0.0596
1962 07 0.0918
1962 08 0.0585
1962 09 0.0634
1962 10 0.0800
1962 11 0.0780
1962 12 0.0884
1963 01 0.0391
1963 02 0.2572
1963 03 -0.0220
1963 04 -0.0018
1963 05 0.0137
1963 06 0.0497
1963 07 0.1374
1963 08 0.1579
1963 09 0.1651
1963 10 0.2125
1963 11 0.1941
1963 12 0.0822
1964 01 0.0495
1964 02 -0.1038
1964 03 -0.1409
1964 04 -0.1818
1964 05 -0.0964
1964 06 -0.0907
1964 07 -0.1107
1964 08 -0.1655
1964 09 -0.2074
1964 10 -0.2625
1964 11 -0.2008
1964 12 -0.2632
1965 01 -0.0685
1965 02 -0.1948
1965 03 -0.0982
1965 04 -0.1849
1965 05 -0.0752
1965 06 -0.0409
1965 07 -0.0809
1965 08 -0.0455
1965 09 -0.0474
1965 10 0.0252
1965 11 -0.0891
1965 12 -0.0098
1966 01 -0.0450
1966 02 -0.0357
1966 03 -0.0004
1966 04 -0.0891
1966 05 -0.0328
1966 06 0.0608
1966 07 0.0691
1966 08 0.0228
1966 09 0.0278
1966 10 -0.0570
1966 11 -0.0431
1966 12 -0.1233
1967 01 -0.1063
1967 02 -0.1649
1967 03 0.0041
1967 04 0.0075
1967 05 0.1267
1967 06 -0.0291
1967 07 -0.0174
1967 08 -0.0049
1967 09 -0.0329
1967 10 0.1296
1967 11 -0.0228
1967 12 -0.0405
1968 01 -0.1875
1968 02 -0.1269
1968 03 0.1513
1968 04 -0.0688
1968 05 -0.0795
1968 06 -0.0153
1968 07 -0.0221
1968 08 -0.0154
1968 09 -0.0109
1968 10 0.0461
1968 11 0.0160
1968 12 -0.0413
1969 01 -0.1295
1969 02 -0.1017
1969 03 0.1217
1969 04 0.1944
1969 05 0.1753
1969 06 0.0762
1969 07 0.0925
1969 08 0.0972
1969 09 0.0858
1969 10 0.0713
1969 11 0.1934
1969 12 0.2498
1970 01 0.1218
1970 02 0.2370
1970 03 0.0350
1970 04 0.1335
1970 05 0.0424
1970 06 0.0287
1970 07 -0.0210
1970 08 -0.0188
1970 09 0.0076
1970 10 -0.0379
1970 11 0.0225
1970 12 -0.0936
1971 01 -0.0047
1971 02 -0.2137
1971 03 -0.1391
1971 04 -0.1297
1971 05 -0.0897
1971 06 -0.1263
1971 07 -0.0640
1971 08 -0.0693
1971 09 -0.0429
1971 10 -0.0753
1971 11 0.0380
1971 12 -0.0195
1972 01 -0.2402
1972 02 -0.1625
1972 03 0.0042
1972 04 0.0373
1972 05 0.0172
1972 06 0.0777
1972 07 0.0654
1972 08 0.0893
1972 09 0.0214
1972 10 0.0900
1972 11 0.0790
1972 12 0.2527
1973 01 0.2584
1973 02 0.3735
1973 03 0.3304
1973 04 0.2523
1973 05 0.2148
1973 06 0.1961
1973 07 0.1155
1973 08 0.0770
1973 09 0.0528
1973 10 0.0435
1973 11 0.0216
1973 12 0.0266
1974 01 -0.1950
1974 02 -0.2545
1974 03 -0.0513
1974 04 -0.0429
1974 05 -0.0259
1974 06 -0.0402
1974 07 0.0167
1974 08 0.0112
1974 09 -0.0431
1974 10 -0.0812
1974 11 -0.0682
1974 12 -0.0981
1975 01 0.1187
1975 02 0.0316
1975 03 0.1095
1975 04 0.0775
1975 05 0.0677
1975 06 0.0338
1975 07 0.0032
1975 08 -0.0701
1975 09 0.0161
1975 10 -0.1252
1975 11 -0.1462
1975 12 -0.0918
1976 01 -0.0193
1976 02 -0.1234
1976 03 -0.2359
1976 04 -0.0226
1976 05 -0.1239
1976 06 -0.0758
1976 07 -0.0872
1976 08 -0.0912
1976 09 -0.0445
1976 10 -0.1838
1976 11 -0.0413
1976 12 0.0909
1977 01 0.0620
1977 02 0.2367
1977 03 0.3098
1977 04 0.2826
1977 05 0.2368
1977 06 0.2463
1977 07 0.1698
1977 08 0.1407
1977 09 0.1869
1977 10 0.1169
1977 11 0.2596
1977 12 0.1116
1978 01 0.1605
1978 02 0.1283
1978 03 0.2230
1978 04 0.1331
1978 05 0.0605
1978 06 0.0524
1978 07 0.0671
1978 08 0.0036
1978 09 0.0739
1978 10 0.0638
1978 11 0.2265
1978 12 0.1524
1979 01 0.1604
1979 02 0.0902
1979 03 0.2440
1979 04 0.1127
1979 05 0.1561
1979 06 0.2153
1979 07 0.1721
1979 08 0.2242
1979 09 0.2512
1979 10 0.2936
1979 11 0.2953
1979 12 0.5033
1980 01 0.3088
1980 02 0.3511
1980 03 0.2406
1980 04 0.3095
1980 05 0.3179
1980 06 0.2468
1980 07 0.2173
1980 08 0.1943
1980 09 0.2019
1980 10 0.1835
1980 11 0.3313
1980 12 0.2680
1981 01 0.4688
1981 02 0.3636
1981 03 0.4116
1981 04 0.3576
1981 05 0.2630
1981 06 0.2846
1981 07 0.2236
1981 08 0.2419
1981 09 0.1867
1981 10 0.1692
1981 11 0.2132
1981 12 0.4202
1982 01 0.1353
1982 02 0.1563
1982 03 0.0827
1982 04 0.2053
1982 05 0.1901
1982 06 0.1238
1982 07 0.1419
1982 08 0.1391
1982 09 0.2344
1982 10 0.1766
1982 11 0.1474
1982 12 0.4347
1983 01 0.5165
1983 02 0.4814
1983 03 0.4263
1983 04 0.2924
1983 05 0.2881
1983 06 0.2657
1983 07 0.2637
1983 08 0.3202
1983 09 0.3160
1983 10 0.2106
1983 11 0.4309
1983 12 0.2735
1984 01 0.2843
1984 02 0.1741
1984 03 0.2713
1984 04 0.1500
1984 05 0.2833
1984 06 0.1311
1984 07 0.1180
1984 08 0.1678
1984 09 0.1405
1984 10 0.1152
1984 11 0.0392
1984 12 -0.0937
1985 01 0.1788
1985 02 0.0185
1985 03 0.1875
1985 04 0.1481
1985 05 0.1956
1985 06 0.1262
1985 07 0.0762
1985 08 0.1266
1985 09 0.0999
1985 10 0.1278
1985 11 0.1167
1985 12 0.1971
1986 01 0.3236
1986 02 0.2784
1986 03 0.2956
1986 04 0.2609
1986 05 0.2502
1986 06 0.2511
1986 07 0.1656
1986 08 0.1656
1986 09 0.1690
1986 10 0.2025
1986 11 0.1533
1986 12 0.2165
1987 01 0.3094
1987 02 0.5015
1987 03 0.2541
1987 04 0.3001
1987 05 0.3328
1987 06 0.2995
1987 07 0.4157
1987 08 0.3812
1987 09 0.4296
1987 10 0.3315
1987 11 0.3274
1987 12 0.5282
1988 01 0.5467
1988 02 0.3880
1988 03 0.4817
1988 04 0.4411
1988 05 0.3792
1988 06 0.3823
1988 07 0.3396
1988 08 0.3187
1988 09 0.3171
1988 10 0.2973
1988 11 0.2255
1988 12 0.3593
1989 01 0.2135
1989 02 0.3046
1989 03 0.3317
1989 04 0.2873
1989 05 0.2756
1989 06 0.2703
1989 07 0.2991
1989 08 0.2976
1989 09 0.2988
1989 10 0.2991
1989 11 0.2488
1989 12 0.3944
1990 01 0.3597
1990 02 0.4028
1990 03 0.7293
1990 04 0.4891
1990 05 0.4261
1990 06 0.4080
1990 07 0.3432
1990 08 0.3442
1990 09 0.3115
1990 10 0.4238
1990 11 0.4753
1990 12 0.4435
1991 01 0.4496
1991 02 0.4622
1991 03 0.3660
1991 04 0.5144
1991 05 0.4090
1991 06 0.4783
1991 07 0.4397
1991 08 0.3815
1991 09 0.3811
1991 10 0.3239
1991 11 0.3130
1991 12 0.3011
1992 01 0.4679
1992 02 0.4465
1992 03 0.4305
1992 04 0.2892
1992 05 0.3239
1992 06 0.2783
1992 07 0.1308
1992 08 0.1338
1992 09 0.0603
1992 10 0.1113
1992 11 0.0867
1992 12 0.2793
1993 01 0.3803
1993 02 0.3920
1993 03 0.4176
1993 04 0.3117
1993 05 0.3402
1993 06 0.2888
1993 07 0.2290
1993 08 0.2074
1993 09 0.1655
1993 10 0.2394
1993 11 0.0882
1993 12 0.3130
1994 01 0.2854
1994 02 0.0745
1994 03 0.3527
1994 04 0.3548
1994 05 0.3766
1994 06 0.3772
1994 07 0.3087
1994 08 0.3040
1994 09 0.3270
1994 10 0.4240
1994 11 0.4475
1994 12 0.4001
1995 01 0.5467
1995 02 0.6854
1995 03 0.4614
1995 04 0.4076
1995 05 0.3558
1995 06 0.4627
1995 07 0.4246
1995 08 0.4986
1995 09 0.3828
1995 10 0.4340
1995 11 0.4492
1995 12 0.3435
1996 01 0.2583
1996 02 0.4534
1996 03 0.3232
1996 04 0.2680
1996 05 0.3879
1996 06 0.3499
1996 07 0.3203
1996 08 0.3140
1996 09 0.2611
1996 10 0.2230
1996 11 0.2770
1996 12 0.3858
1997 01 0.3719
1997 02 0.4258
1997 03 0.4586
1997 04 0.4509
1997 05 0.4166
1997 06 0.5273
1997 07 0.5022
1997 08 0.5381
1997 09 0.6182
1997 10 0.6396
1997 11 0.5809
1997 12 0.6250
1998 01 0.6004
1998 02 0.8603
1998 03 0.6351
1998 04 0.7299
1998 05 0.6633
1998 06 0.6632
1998 07 0.7260
1998 08 0.6757
1998 09 0.5233
1998 10 0.4903
1998 11 0.4069
1998 12 0.5760
1999 01 0.4969
1999 02 0.6688
1999 03 0.3655
1999 04 0.4531
1999 05 0.3994
1999 06 0.4125
1999 07 0.3939
1999 08 0.3622
1999 09 0.3939
1999 10 0.3711
1999 11 0.3637
1999 12 0.5750
2000 01 0.3399
2000 02 0.5398
2000 03 0.5529
2000 04 0.6267
2000 05 0.4618
2000 06 0.4031
2000 07 0.3877
2000 08 0.4503
2000 09 0.4318
2000 10 0.2994
2000 11 0.2538
2000 12 0.3152
2001 01 0.4681
2001 02 0.3887
2001 03 0.6256
2001 04 0.5631
2001 05 0.5939
2001 06 0.5319
2001 07 0.5534
2001 08 0.5981
2001 09 0.4995
2001 10 0.4956
2001 11 0.6817
2001 12 0.5065
2002 01 0.6969
2002 02 0.7813
2002 03 0.7863
2002 04 0.5669
2002 05 0.5598
2002 06 0.5809
2002 07 0.6162
2002 08 0.5299
2002 09 0.5638
2002 10 0.4722
2002 11 0.5856
2002 12 0.4329
2003 01 0.6855
2003 02 0.5574
2003 03 0.5653
2003 04 0.5564
2003 05 0.5914
2003 06 0.5355
2003 07 0.5363
2003 08 0.6164
2003 09 0.6365
2003 10 0.7222
2003 11 0.5724
2003 12 0.7324
2004 01 0.5913
2004 02 0.7173
2004 03 0.6936
2004 04 0.5889
2004 05 0.4414
2004 06 0.4649
2004 07 0.4766
2004 08 0.5107
2004 09 0.5277
2004 10 0.6121
2004 11 0.7547
2004 12 0.5058
2005 01 0.6192
2005 02 0.5104
2005 03 0.6895
2005 04 0.7258
2005 05 0.6529
2005 06 0.6654
2005 07 0.6508
2005 08 0.6199
2005 09 0.6843
2005 10 0.6876
2005 11 0.7217
2005 12 0.6184
2006 01 0.4606
2006 02 0.6204
2006 03 0.5932
2006 04 0.5146
2006 05 0.5465
2006 06 0.6325
2006 07 0.6146
2006 08 0.6182
2006 09 0.6280
2006 10 0.6766
2006 11 0.6394
2006 12 0.7628
2007 01 0.8776
2007 02 0.6583
2007 03 0.6648
2007 04 0.7336
2007 05 0.6048
2007 06 0.5325
2007 07 0.5263
2007 08 0.5472
2007 09 0.5738
2007 10 0.5620
2007 11 0.5144
2007 12 0.4809
2008 01 0.2689
2008 02 0.3750
2008 03 0.7584
2008 04 0.4801
2008 05 0.4978
2008 06 0.5259
2008 07 0.5726
2008 08 0.5535
2008 09 0.5264
2008 10 0.6633
2008 11 0.6655
2008 12 0.5589
2009 01 0.5881
2009 02 0.5616
2009 03 0.5747
2009 04 0.6501
2009 05 0.5833
2009 06 0.6680
2009 07 0.6359
2009 08 0.6933
2009 09 0.7041
2009 10 0.6391
2009 11 0.6672
2009 12 0.6120
2010 01 0.6986
2010 02 0.7072
2010 03 0.8424
2010 04 0.8251
2010 05 0.7578
2010 06 0.7296
2010 07 0.7253
2010 08 0.6545
2010 09 0.5685
2010 10 0.6212
2010 11 0.7682
2010 12 0.4813
2011 01 0.4645
2011 02 0.4916
2011 03 0.5863
2011 04 0.6483
2011 05 0.5697
2011 06 0.6403
2011 07 0.6237
2011 08 0.6091
2011 09 0.5925
2011 10 0.6317
2011 11 0.4813
2011 12 0.5416
2012 01 0.4182
2012 02 0.4220
2012 03 0.5202
2012 04 0.7286
2012 05 0.7166
2012 06 0.6981
2012 07 0.6815
2012 08 0.6641
2012 09 0.7179
2012 10 0.6958
2012 11 0.7060
2012 12 0.4604
2013 01 0.5847
2013 02 0.6352
2013 03 0.6133
2013 04 0.5627
2013 05 0.7122
2013 06 0.6815
2013 07 0.6642
2013 08 0.6620
2013 09 0.6815
2013 10 0.6753
2013 11 0.8241
2013 12 0.6974
2014 01 0.6938
2014 02 0.4787
2014 03 0.7689
2014 04 0.7998
2014 05 0.7909
2014 06 0.7561
2014 07 0.6921
2014 08 0.7922
2014 09 0.7849
2014 10 0.7808
2014 11 0.6885
2014 12 0.8306
2015 01 0.8146
2015 02 0.8843
2015 03 0.8955
2015 04 0.7775
2015 05 0.8546
2015 06 0.8772
2015 07 0.8076
2015 08 0.8734
2015 09 0.9202
2015 10 0.9877
2015 11 0.9657
2015 12 1.1221
2016 01 1.0345
2016 02 1.1944
2016 03 1.2297
2016 04 1.1028
