Glob al Land and Ocean Temperature Anomalies
Unit s: Degrees Celsius
Base  P riod: 1901-2000
Year ,V lue
1880 01 -0.0090
1880 02 -0.1295
1880 03 -0.1440
1880 04 -0.0609
1880 05 -0.0866
1880 06 -0.1763
1880 07 -0.1605
1880 08 -0.0832
1880 09 -0.0932
1880 10 -0.1892
1880 11 -0.2755
1880 12 -0.0892
1881 01 -0.0294
1881 02 -0.0382
1881 03 0.0222
1881 04 0.0612
1881 05 0.0140
1881 06 -0.1000
1881 07 -0.0471
1881 08 -0.0645
1881 09 -0.1940
1881 10 -0.2327
1881 11 -0.2318
1881 12 -0.0604
1882 01 0.0784
1882 02 0.0279
1882 03 0.0648
1882 04 -0.1357
1882 05 -0.1606
1882 06 -0.1503
1882 07 -0.0772
1882 08 -0.0174
1882 09 -0.0041
1882 10 -0.2216
1882 11 -0.1383
1882 12 -0.1823
1883 01 -0.2784
1883 02 -0.3021
1883 03 -0.1405
1883 04 -0.1832
1883 05 -0.1560
1883 06 -0.0182
1883 07 -0.0955
1883 08 -0.0619
1883 09 -0.1582
1883 10 -0.1749
1883 11 -0.1813
1883 12 -0.0905
1884 01 -0.1985
1884 02 -0.1574
1884 03 -0.2207
1884 04 -0.1955
1884 05 -0.1447
1884 06 -0.2086
1884 07 -0.3143
1884 08 -0.2837
1884 09 -0.2379
1884 10 -0.1839
1884 11 -0.2818
1884 12 -0.1599
1885 01 -0.4387
1885 02 -0.2670
1885 03 -0.1575
1885 04 -0.2673
1885 05 -0.2910
1885 06 -0.3203
1885 07 -0.2501
1885 08 -0.2541
1885 09 -0.2074
1885 10 -0.1403
1885 11 -0.1375
1885 12 0.0369
1886 01 -0.1196
1886 02 -0.2880
1886 03 -0.2926
1886 04 -0.1776
1886 05 -0.1654
1886 06 -0.2559
1886 07 -0.1718
1886 08 -0.2256
1886 09 -0.2033
1886 10 -0.2365
1886 11 -0.2044
1886 12 -0.1722
1887 01 -0.3881
1887 02 -0.3845
1887 03 -0.1709
1887 04 -0.1991
1887 05 -0.2445
1887 06 -0.2256
1887 07 -0.2792
1887 08 -0.3218
1887 09 -0.1908
1887 10 -0.3050
1887 11 -0.1634
1887 12 -0.2073
1888 01 -0.3931
1888 02 -0.3363
1888 03 -0.3045
1888 04 -0.1816
1888 05 -0.1669
1888 06 -0.1040
1888 07 -0.1211
1888 08 -0.1702
1888 09 -0.0759
1888 10 0.0083
1888 11 -0.0507
1888 12 0.0334
1889 01 -0.1018
1889 02 0.0082
1889 03 0.1151
1889 04 0.0438
1889 05 -0.0382
1889 06 -0.0809
1889 07 -0.1699
1889 08 -0.1473
1889 09 -0.2328
1889 10 -0.2019
1889 11 -0.2835
1889 12 -0.1887
1890 01 -0.3669
1890 02 -0.4326
1890 03 -0.3229
1890 04 -0.2620
1890 05 -0.3929
1890 06 -0.2925
1890 07 -0.2849
1890 08 -0.3311
1890 09 -0.3558
1890 10 -0.2977
1890 11 -0.3431
1890 12 -0.2344
1891 01 -0.3843
1891 02 -0.5274
1891 03 -0.2167
1891 04 -0.2568
1891 05 -0.1460
1891 06 -0.2067
1891 07 -0.2270
1891 08 -0.2330
1891 09 -0.1558
1891 10 -0.2922
1891 11 -0.4010
1891 12 -0.0512
1892 01 -0.2421
1892 02 -0.1335
1892 03 -0.3127
1892 04 -0.3154
1892 05 -0.3065
1892 06 -0.2890
1892 07 -0.3537
1892 08 -0.3407
1892 09 -0.2277
1892 10 -0.2548
1892 11 -0.4750
1892 12 -0.4782
1893 01 -0.6817
1893 02 -0.6190
1893 03 -0.2272
1893 04 -0.3484
1893 05 -0.3433
1893 06 -0.2363
1893 07 -0.2034
1893 08 -0.3284
1893 09 -0.2615
1893 10 -0.2143
1893 11 -0.1667
1893 12 -0.2522
1894 01 -0.4338
1894 02 -0.2229
1894 03 -0.2060
1894 04 -0.3038
1894 05 -0.3020
1894 06 -0.3486
1894 07 -0.2716
1894 08 -0.2730
1894 09 -0.2532
1894 10 -0.2166
1894 11 -0.2981
1894 12 -0.2412
1895 01 -0.4390
1895 02 -0.4216
1895 03 -0.2854
1895 04 -0.1851
1895 05 -0.2095
1895 06 -0.2984
1895 07 -0.2001
1895 08 -0.2237
1895 09 -0.1313
1895 10 -0.1334
1895 11 -0.1578
1895 12 -0.0729
1896 01 -0.1033
1896 02 -0.0813
1896 03 -0.2083
1896 04 -0.2621
1896 05 -0.1038
1896 06 -0.0868
1896 07 -0.0463
1896 08 -0.0694
1896 09 -0.0629
1896 10 -0.0067
1896 11 -0.1630
1896 12 0.0467
1897 01 -0.1904
1897 02 -0.1149
1897 03 -0.1873
1897 04 -0.0050
1897 05 -0.0260
1897 06 -0.1000
1897 07 -0.0409
1897 08 -0.0721
1897 09 -0.0248
1897 10 -0.1605
1897 11 -0.2395
1897 12 -0.2973
1898 01 -0.0444
1898 02 -0.2816
1898 03 -0.6582
1898 04 -0.3511
1898 05 -0.2953
1898 06 -0.2058
1898 07 -0.2416
1898 08 -0.2270
1898 09 -0.1979
1898 10 -0.3213
1898 11 -0.2401
1898 12 -0.0093
1899 01 -0.0986
1899 02 -0.2832
1899 03 -0.2610
1899 04 -0.1942
1899 05 -0.1196
1899 06 -0.1962
1899 07 -0.1082
1899 08 -0.0599
1899 09 -0.0273
1899 10 0.0010
1899 11 0.1534
1899 12 -0.1682
1900 01 -0.2502
1900 02 -0.0998
1900 03 -0.0484
1900 04 -0.0999
1900 05 -0.0423
1900 06 -0.0517
1900 07 -0.0767
1900 08 -0.0732
1900 09 -0.0648
1900 10 0.0442
1900 11 -0.1397
1900 12 0.0284
1901 01 -0.1296
1901 02 -0.0802
1901 03 -0.0343
1901 04 -0.0685
1901 05 -0.1272
1901 06 -0.1324
1901 07 -0.1559
1901 08 -0.1361
1901 09 -0.2102
1901 10 -0.2841
1901 11 -0.1444
1901 12 -0.2421
1902 01 -0.0937
1902 02 -0.0440
1902 03 -0.2055
1902 04 -0.2745
1902 05 -0.2634
1902 06 -0.3391
1902 07 -0.2921
1902 08 -0.2662
1902 09 -0.2393
1902 10 -0.2871
1902 11 -0.3465
1902 12 -0.3713
1903 01 -0.2143
1903 02 -0.0897
1903 03 -0.2835
1903 04 -0.3586
1903 05 -0.3929
1903 06 -0.3793
1903 07 -0.3332
1903 08 -0.4338
1903 09 -0.3772
1903 10 -0.4388
1903 11 -0.3957
1903 12 -0.3886
1904 01 -0.5419
1904 02 -0.4670
1904 03 -0.5131
1904 04 -0.4747
1904 05 -0.4287
1904 06 -0.4414
1904 07 -0.4564
1904 08 -0.4252
1904 09 -0.4632
1904 10 -0.4055
1904 11 -0.1658
1904 12 -0.2417
1905 01 -0.3527
1905 02 -0.6204
1905 03 -0.3933
1905 04 -0.4506
1905 05 -0.2913
1905 06 -0.2447
1905 07 -0.1847
1905 08 -0.2206
1905 09 -0.2186
1905 10 -0.2946
1905 11 -0.0904
1905 12 -0.1304
1906 01 -0.1715
1906 02 -0.2339
1906 03 -0.1424
1906 04 -0.0483
1906 05 -0.2140
1906 06 -0.1685
1906 07 -0.2427
1906 08 -0.2321
1906 09 -0.2998
1906 10 -0.2773
1906 11 -0.3649
1906 12 -0.1615
1907 01 -0.3428
1907 02 -0.4021
1907 03 -0.2740
1907 04 -0.3507
1907 05 -0.4686
1907 06 -0.3717
1907 07 -0.3494
1907 08 -0.3345
1907 09 -0.3383
1907 10 -0.2997
1907 11 -0.5031
1907 12 -0.3900
1908 01 -0.3575
1908 02 -0.3741
1908 03 -0.6022
1908 04 -0.4778
1908 05 -0.3969
1908 06 -0.4034
1908 07 -0.3835
1908 08 -0.4754
1908 09 -0.3917
1908 10 -0.5127
1908 11 -0.4801
1908 12 -0.3794
1909 01 -0.5476
1909 02 -0.4539
1909 03 -0.5366
1909 04 -0.5273
1909 05 -0.4492
1909 06 -0.4123
1909 07 -0.4334
1909 08 -0.3029
1909 09 -0.3587
1909 10 -0.3893
1909 11 -0.2723
1909 12 -0.4049
1910 01 -0.3008
1910 02 -0.3542
1910 03 -0.4179
1910 04 -0.3349
1910 05 -0.2990
1910 06 -0.3484
1910 07 -0.3223
1910 08 -0.3267
1910 09 -0.3244
1910 10 -0.4120
1910 11 -0.4899
1910 12 -0.5580
1911 01 -0.5030
1911 02 -0.5222
1911 03 -0.5643
1911 04 -0.5042
1911 05 -0.4670
1911 06 -0.4336
1911 07 -0.4543
1911 08 -0.4432
1911 09 -0.3847
1911 10 -0.3288
1911 11 -0.2438
1911 12 -0.2305
1912 01 -0.2692
1912 02 -0.1037
1912 03 -0.3034
1912 04 -0.1957
1912 05 -0.2181
1912 06 -0.2517
1912 07 -0.3108
1912 08 -0.4445
1912 09 -0.4823
1912 10 -0.5139
1912 11 -0.4091
1912 12 -0.3518
1913 01 -0.3454
1913 02 -0.3797
1913 03 -0.4011
1913 04 -0.3416
1913 05 -0.3867
1913 06 -0.3698
1913 07 -0.3447
1913 08 -0.3187
1913 09 -0.3459
1913 10 -0.3042
1913 11 -0.1271
1913 12 -0.0303
1914 01 0.1038
1914 02 -0.1080
1914 03 -0.1533
1914 04 -0.2418
1914 05 -0.1569
1914 06 -0.1840
1914 07 -0.2004
1914 08 -0.1692
1914 09 -0.1745
1914 10 -0.0874
1914 11 -0.1131
1914 12 -0.0953
1915 01 -0.1332
1915 02 -0.0080
1915 03 -0.0972
1915 04 0.0253
1915 05 -0.0635
1915 06 -0.0781
1915 07 -0.0235
1915 08 -0.0664
1915 09 -0.1065
1915 10 -0.1674
1915 11 -0.0060
1915 12 -0.0448
1916 01 -0.1748
1916 02 -0.1703
1916 03 -0.2912
1916 04 -0.1944
1916 05 -0.2193
1916 06 -0.3777
1916 07 -0.2821
1916 08 -0.2701
1916 09 -0.2546
1916 10 -0.2588
1916 11 -0.3879
1916 12 -0.5668
1917 01 -0.4205
1917 02 -0.4659
1917 03 -0.4222
1917 04 -0.3081
1917 05 -0.4437
1917 06 -0.3367
1917 07 -0.1646
1917 08 -0.1658
1917 09 -0.0521
1917 10 -0.2563
1917 11 -0.1253
1917 12 -0.5258
1918 01 -0.2065
1918 02 -0.2823
1918 03 -0.1735
1918 04 -0.2910
1918 05 -0.2714
1918 06 -0.1674
1918 07 -0.1913
1918 08 -0.1653
1918 09 -0.1380
1918 10 -0.0890
1918 11 -0.1047
1918 12 -0.3109
1919 01 -0.2333
1919 02 -0.0500
1919 03 -0.2313
1919 04 -0.0648
1919 05 -0.1775
1919 06 -0.2273
1919 07 -0.2061
1919 08 -0.2007
1919 09 -0.1724
1919 10 -0.2137
1919 11 -0.3111
1919 12 -0.2911
1920 01 -0.1108
1920 02 -0.2226
1920 03 -0.0540
1920 04 -0.2055
1920 05 -0.1636
1920 06 -0.2491
1920 07 -0.2375
1920 08 -0.2216
1920 09 -0.1691
1920 10 -0.2040
1920 11 -0.2462
1920 12 -0.3810
1921 01 -0.0523
1921 02 -0.1428
1921 03 -0.2121
1921 04 -0.1985
1921 05 -0.1841
1921 06 -0.1582
1921 07 -0.1053
1921 08 -0.1864
1921 09 -0.1404
1921 10 -0.0587
1921 11 -0.1769
1921 12 -0.0752
1922 01 -0.3150
1922 02 -0.2857
1922 03 -0.0702
1922 04 -0.1208
1922 05 -0.2566
1922 06 -0.2748
1922 07 -0.2544
1922 08 -0.2708
1922 09 -0.2472
1922 10 -0.2398
1922 11 -0.1835
1922 12 -0.1468
1923 01 -0.2085
1923 02 -0.3704
1923 03 -0.2607
1923 04 -0.3317
1923 05 -0.2428
1923 06 -0.1871
1923 07 -0.2720
1923 08 -0.2726
1923 09 -0.2377
1923 10 -0.1517
1923 11 0.0380
1923 12 0.0126
1924 01 -0.2430
1924 02 -0.1786
1924 03 -0.1079
1924 04 -0.2366
1924 05 -0.1810
1924 06 -0.2173
1924 07 -0.2107
1924 08 -0.2800
1924 09 -0.2751
1924 10 -0.2769
1924 11 -0.2879
1924 12 -0.3884
1925 01 -0.3092
1925 02 -0.2692
1925 03 -0.1601
1925 04 -0.1561
1925 05 -0.2111
1925 06 -0.2192
1925 07 -0.1994
1925 08 -0.1272
1925 09 -0.0943
1925 10 -0.1182
1925 11 0.0689
1925 12 0.1498
1926 01 0.1777
1926 02 0.0928
1926 03 0.0844
1926 04 -0.1213
1926 05 -0.1228
1926 06 -0.1156
1926 07 -0.1507
1926 08 -0.0796
1926 09 -0.0970
1926 10 -0.0738
1926 11 -0.0703
1926 12 -0.1995
1927 01 -0.1651
1927 02 -0.1792
1927 03 -0.2482
1927 04 -0.2106
1927 05 -0.2184
1927 06 -0.1935
1927 07 -0.0947
1927 08 -0.1061
1927 09 -0.0195
1927 10 0.0244
1927 11 -0.0329
1927 12 -0.3002
1928 01 -0.0697
1928 02 -0.1366
1928 03 -0.2575
1928 04 -0.2392
1928 05 -0.1767
1928 06 -0.2704
1928 07 -0.1719
1928 08 -0.1926
1928 09 -0.1810
1928 10 -0.1164
1928 11 -0.0647
1928 12 -0.1615
1929 01 -0.4752
1929 02 -0.5382
1929 03 -0.2595
1929 04 -0.2940
1929 05 -0.2843
1929 06 -0.2719
1929 07 -0.2696
1929 08 -0.2061
1929 09 -0.2084
1929 10 -0.1148
1929 11 -0.0950
1929 12 -0.5072
1930 01 -0.3215
1930 02 -0.2034
1930 03 -0.0596
1930 04 -0.1938
1930 05 -0.1952
1930 06 -0.1103
1930 07 -0.0599
1930 08 -0.0789
1930 09 -0.0984
1930 10 0.0048
1930 11 0.1432
1930 12 0.0083
1931 01 -0.0444
1931 02 -0.2220
1931 03 -0.0042
1931 04 -0.1574
1931 05 -0.1496
1931 06 -0.0197
1931 07 -0.0103
1931 08 0.0081
1931 09 0.0052
1931 10 0.0149
1931 11 -0.1130
1931 12 -0.1032
1932 01 0.1563
1932 02 -0.1739
1932 03 -0.1787
1932 04 -0.0321
1932 05 -0.1623
1932 06 -0.1525
1932 07 -0.1191
1932 08 -0.1728
1932 09 -0.0685
1932 10 -0.0899
1932 11 -0.1948
1932 12 -0.1853
1933 01 -0.3070
1933 02 -0.3107
1933 03 -0.2453
1933 04 -0.2013
1933 05 -0.2047
1933 06 -0.1968
1933 07 -0.1794
1933 08 -0.1850
1933 09 -0.2188
1933 10 -0.1838
1933 11 -0.2559
1933 12 -0.4067
1934 01 -0.3110
1934 02 -0.0190
1934 03 -0.2569
1934 04 -0.2313
1934 05 -0.0457
1934 06 -0.0086
1934 07 -0.0942
1934 08 -0.0570
1934 09 -0.1246
1934 10 -0.0691
1934 11 0.0058
1934 12 -0.0263
1935 01 -0.2896
1935 02 0.1676
1935 03 -0.1488
1935 04 -0.2544
1935 05 -0.2006
1935 06 -0.1719
1935 07 -0.1148
1935 08 -0.1003
1935 09 -0.0900
1935 10 -0.0104
1935 11 -0.2675
1935 12 -0.1725
1936 01 -0.2530
1936 02 -0.3138
1936 03 -0.2103
1936 04 -0.1780
1936 05 -0.1143
1936 06 -0.1057
1936 07 -0.0085
1936 08 -0.0516
1936 09 -0.0373
1936 10 -0.0199
1936 11 -0.0239
1936 12 -0.0165
1937 01 -0.1694
1937 02 0.0401
1937 03 -0.1823
1937 04 -0.1246
1937 05 -0.0193
1937 06 0.0122
1937 07 -0.0019
1937 08 0.0909
1937 09 0.1298
1937 10 0.1135
1937 11 0.0100
1937 12 -0.0867
1938 01 -0.0371
1938 02 -0.0523
1938 03 0.0312
1938 04 0.0431
1938 05 -0.0190
1938 06 -0.0918
1938 07 -0.0483
1938 08 -0.0170
1938 09 0.0308
1938 10 0.0715
1938 11 0.0045
1938 12 -0.2544
1939 01 -0.1618
1939 02 -0.1071
1939 03 -0.1868
1939 04 -0.1283
1939 05 -0.0344
1939 06 -0.0100
1939 07 0.0076
1939 08 0.0597
1939 09 0.0146
1939 10 -0.0384
1939 11 0.0491
1939 12 0.4114
1940 01 -0.1209
1940 02 0.0517
1940 03 0.0664
1940 04 0.1291
1940 05 0.0558
1940 06 0.1066
1940 07 0.1479
1940 08 0.0959
1940 09 0.1480
1940 10 0.1036
1940 11 0.1005
1940 12 0.2709
1941 01 0.1784
1941 02 0.2297
1941 03 0.1031
1941 04 0.2206
1941 05 0.2427
1941 06 0.1619
1941 07 0.2051
1941 08 0.1721
1941 09 0.0852
1941 10 0.3121
1941 11 0.2188
1941 12 0.2065
1942 01 0.2998
1942 02 0.0991
1942 03 0.1729
1942 04 0.1878
1942 05 0.1617
1942 06 0.2064
1942 07 0.0766
1942 08 0.0385
1942 09 0.1124
1942 10 0.1447
1942 11 0.1646
1942 12 0.1460
1943 01 -0.0300
1943 02 0.1680
1943 03 0.0756
1943 04 0.1731
1943 05 0.1343
1943 06 0.0238
1943 07 0.1862
1943 08 0.0979
1943 09 0.1435
1943 10 0.3124
1943 11 0.2497
1943 12 0.3616
1944 01 0.4269
1944 02 0.2993
1944 03 0.3608
1944 04 0.2649
1944 05 0.2615
1944 06 0.3348
1944 07 0.3109
1944 08 0.2687
1944 09 0.3841
1944 10 0.3167
1944 11 0.1444
1944 12 0.0951
1945 01 0.1548
1945 02 0.0136
1945 03 0.1095
1945 04 0.2785
1945 05 0.1714
1945 06 0.1408
1945 07 0.1655
1945 08 0.3533
1945 09 0.2552
1945 10 0.2597
1945 11 0.1942
1945 12 -0.0525
1946 01 0.2207
1946 02 0.0864
1946 03 -0.0060
1946 04 0.1722
1946 05 -0.0337
1946 06 -0.1104
1946 07 -0.0413
1946 08 -0.0722
1946 09 -0.0252
1946 10 -0.0124
1946 11 -0.0174
1946 12 -0.2722
1947 01 -0.1956
1947 02 -0.0860
1947 03 -0.0175
1947 04 0.0076
1947 05 -0.0275
1947 06 0.0097
1947 07 -0.0191
1947 08 -0.0679
1947 09 -0.1320
1947 10 0.0501
1947 11 -0.0301
1947 12 -0.1507
1948 01 0.0479
1948 02 -0.0970
1948 03 -0.1945
1948 04 -0.0695
1948 05 0.1427
1948 06 -0.0190
1948 07 -0.0640
1948 08 -0.0298
1948 09 -0.1080
1948 10 -0.0685
1948 11 -0.0646
1948 12 -0.1164
1949 01 0.1141
1949 02 -0.1533
1949 03 -0.0776
1949 04 0.0009
1949 05 -0.0102
1949 06 -0.1527
1949 07 -0.0788
1949 08 -0.0269
1949 09 -0.0736
1949 10 -0.0357
1949 11 -0.0569
1949 12 -0.1885
1950 01 -0.2790
1950 02 -0.2395
1950 03 -0.0879
1950 04 -0.1710
1950 05 -0.0538
1950 06 -0.0596
1950 07 -0.1046
1950 08 -0.1396
1950 09 -0.1072
1950 10 -0.1687
1950 11 -0.3631
1950 12 -0.1835
1951 01 -0.2900
1951 02 -0.4089
1951 03 -0.1690
1951 04 -0.0881
1951 05 0.0537
1951 06 0.0352
1951 07 0.1086
1951 08 0.1131
1951 09 0.1334
1951 10 0.1066
1951 11 0.0241
1951 12 0.2137
1952 01 0.1513
1952 02 0.0914
1952 03 -0.0473
1952 04 0.0656
1952 05 0.0348
1952 06 0.0390
1952 07 0.0720
1952 08 0.0656
1952 09 0.0652
1952 10 -0.0380
1952 11 -0.1974
1952 12 -0.0091
1953 01 0.1018
1953 02 0.1533
1953 03 0.1536
1953 04 0.1863
1953 05 0.1435
1953 06 0.1261
1953 07 0.0663
1953 08 0.0811
1953 09 0.0641
1953 10 0.0724
1953 11 -0.0629
1953 12 0.0551
1954 01 -0.2370
1954 02 -0.0861
1954 03 -0.0898
1954 04 -0.1757
1954 05 -0.2002
1954 06 -0.1148
1954 07 -0.1227
1954 08 -0.0889
1954 09 -0.0595
1954 10 -0.0703
1954 11 0.0395
1954 12 -0.1870
1955 01 0.0897
1955 02 -0.1292
1955 03 -0.3078
1955 04 -0.2362
1955 05 -0.1262
1955 06 -0.0685
1955 07 -0.0888
1955 08 -0.0244
1955 09 -0.0936
1955 10 -0.1252
1955 11 -0.2376
1955 12 -0.2715
1956 01 -0.1761
1956 02 -0.2731
1956 03 -0.1984
1956 04 -0.2845
1956 05 -0.2256
1956 06 -0.1435
1956 07 -0.1351
1956 08 -0.1868
1956 09 -0.2518
1956 10 -0.1995
1956 11 -0.1574
1956 12 -0.1556
1957 01 -0.1216
1957 02 -0.1129
1957 03 -0.0668
1957 04 -0.0188
1957 05 0.1082
1957 06 0.1597
1957 07 0.0604
1957 08 0.1288
1957 09 0.0729
1957 10 0.0121
1957 11 0.1269
1957 12 0.2275
1958 01 0.2952
1958 02 0.2076
1958 03 0.1184
1958 04 0.1142
1958 05 0.1030
1958 06 0.0625
1958 07 0.0621
1958 08 0.0531
1958 09 0.0170
1958 10 0.0387
1958 11 0.0904
1958 12 0.1426
1959 01 0.1240
1959 02 0.0679
1959 03 0.2045
1959 04 0.1176
1959 05 0.0263
1959 06 0.0843
1959 07 0.0655
1959 08 0.0509
1959 09 0.0959
1959 10 -0.0134
1959 11 -0.0778
1959 12 -0.0345
1960 01 0.0032
1960 02 0.1856
1960 03 -0.2028
1960 04 -0.0955
1960 05 -0.0856
1960 06 0.0774
1960 07 0.0334
1960 08 0.0455
1960 09 0.0634
1960 10 0.0389
1960 11 -0.0487
1960 12 0.2264
1961 01 0.1184
1961 02 0.1766
1961 03 0.1633
1961 04 0.1330
1961 05 0.1601
1961 06 0.1486
1961 07 0.0335
1961 08 0.0308
1961 09 -0.0079
1961 10 -0.0361
1961 11 0.0144
1961 12 -0.0186
1962 01 0.1329
1962 02 0.1685
1962 03 0.1189
1962 04 0.0758
1962 05 0.0574
1962 06 0.0574
1962 07 0.0898
1962 08 0.0559
1962 09 0.0612
1962 10 0.0776
1962 11 0.0755
1962 12 0.0855
1963 01 0.0367
1963 02 0.2553
1963 03 -0.0237
1963 04 -0.0039
1963 05 0.0109
1963 06 0.0468
1963 07 0.1355
1963 08 0.1548
1963 09 0.1625
1963 10 0.2098
1963 11 0.1919
1963 12 0.0799
1964 01 0.0469
1964 02 -0.1061
1964 03 -0.1435
1964 04 -0.1843
1964 05 -0.1000
1964 06 -0.0940
1964 07 -0.1144
1964 08 -0.1688
1964 09 -0.2107
1964 10 -0.2659
1964 11 -0.2041
1964 12 -0.2671
1965 01 -0.0718
1965 02 -0.1981
1965 03 -0.1015
1965 04 -0.1884
1965 05 -0.0788
1965 06 -0.0449
1965 07 -0.0845
1965 08 -0.0489
1965 09 -0.0513
1965 10 0.0213
1965 11 -0.0922
1965 12 -0.0141
1966 01 -0.0491
1966 02 -0.0394
1966 03 -0.0040
1966 04 -0.0920
1966 05 -0.0365
1966 06 0.0572
1966 07 0.0653
1966 08 0.0195
1966 09 0.0242
1966 10 -0.0611
1966 11 -0.0463
1966 12 -0.1262
1967 01 -0.1093
1967 02 -0.1675
1967 03 0.0025
1967 04 0.0048
1967 05 0.1239
1967 06 -0.0314
1967 07 -0.0206
1967 08 -0.0076
1967 09 -0.0356
1967 10 0.1262
1967 11 -0.0263
1967 12 -0.0445
1968 01 -0.1900
1968 02 -0.1294
1968 03 0.1485
1968 04 -0.0718
1968 05 -0.0826
1968 06 -0.0186
1968 07 -0.0250
1968 08 -0.0185
1968 09 -0.0136
1968 10 0.0436
1968 11 0.0134
1968 12 -0.0454
1969 01 -0.1326
1969 02 -0.1049
1969 03 0.1181
1969 04 0.1912
1969 05 0.1711
1969 06 0.0724
1969 07 0.0888
1969 08 0.0935
1969 09 0.0819
1969 10 0.0678
1969 11 0.1907
1969 12 0.2462
1970 01 0.1192
1970 02 0.2342
1970 03 0.0321
1970 04 0.1301
1970 05 0.0391
1970 06 0.0259
1970 07 -0.0247
1970 08 -0.0219
1970 09 0.0047
1970 10 -0.0405
1970 11 0.0206
1970 12 -0.0976
1971 01 -0.0067
1971 02 -0.2155
1971 03 -0.1409
1971 04 -0.1316
1971 05 -0.0929
1971 06 -0.1285
1971 07 -0.0658
1971 08 -0.0715
1971 09 -0.0454
1971 10 -0.0775
1971 11 0.0363
1971 12 -0.0231
1972 01 -0.2420
1972 02 -0.1646
1972 03 0.0019
1972 04 0.0351
1972 05 0.0140
1972 06 0.0755
1972 07 0.0630
1972 08 0.0870
1972 09 0.0188
1972 10 0.0870
1972 11 0.0768
1972 12 0.2494
1973 01 0.2555
1973 02 0.3701
1973 03 0.3279
1973 04 0.2494
1973 05 0.2117
1973 06 0.1938
1973 07 0.1132
1973 08 0.0748
1973 09 0.0501
1973 10 0.0407
1973 11 0.0194
1973 12 0.0233
1974 01 -0.1980
1974 02 -0.2577
1974 03 -0.0542
1974 04 -0.0462
1974 05 -0.0299
1974 06 -0.0429
1974 07 0.0135
1974 08 0.0081
1974 09 -0.0467
1974 10 -0.0842
1974 11 -0.0705
1974 12 -0.1011
1975 01 0.1158
1975 02 0.0287
1975 03 0.1064
1975 04 0.0749
1975 05 0.0644
1975 06 0.0312
1975 07 -0.0009
1975 08 -0.0728
1975 09 0.0132
1975 10 -0.1283
1975 11 -0.1479
1975 12 -0.0943
1976 01 -0.0221
1976 02 -0.1253
1976 03 -0.2385
1976 04 -0.0246
1976 05 -0.1265
1976 06 -0.0776
1976 07 -0.0896
1976 08 -0.0946
1976 09 -0.0486
1976 10 -0.1872
1976 11 -0.0443
1976 12 0.0867
1977 01 0.0589
1977 02 0.2338
1977 03 0.3070
1977 04 0.2788
1977 05 0.2332
1977 06 0.2435
1977 07 0.1668
1977 08 0.1377
1977 09 0.1832
1977 10 0.1139
1977 11 0.2572
1977 12 0.1079
1978 01 0.1574
1978 02 0.1256
1978 03 0.2208
1978 04 0.1296
1978 05 0.0572
1978 06 0.0498
1978 07 0.0646
1978 08 0.0005
1978 09 0.0699
1978 10 0.0605
1978 11 0.2238
1978 12 0.1486
1979 01 0.1575
1979 02 0.0877
1979 03 0.2413
1979 04 0.1090
1979 05 0.1526
1979 06 0.2130
1979 07 0.1687
1979 08 0.2216
1979 09 0.2474
1979 10 0.2902
1979 11 0.2927
1979 12 0.4993
1980 01 0.3062
1980 02 0.3486
1980 03 0.2378
1980 04 0.3059
1980 05 0.3141
1980 06 0.2435
1980 07 0.2141
1980 08 0.1916
1980 09 0.1976
1980 10 0.1789
1980 11 0.3282
1980 12 0.2634
1981 01 0.4652
1981 02 0.3604
1981 03 0.4080
1981 04 0.3537
1981 05 0.2593
1981 06 0.2814
1981 07 0.2211
1981 08 0.2391
1981 09 0.1840
1981 10 0.1661
1981 11 0.2106
1981 12 0.4183
1982 01 0.1330
1982 02 0.1549
1982 03 0.0810
1982 04 0.2029
1982 05 0.1870
1982 06 0.1207
1982 07 0.1394
1982 08 0.1367
1982 09 0.2310
1982 10 0.1738
1982 11 0.1465
1982 12 0.4320
1983 01 0.5125
1983 02 0.4778
1983 03 0.4229
1983 04 0.2886
1983 05 0.2851
1983 06 0.2623
1983 07 0.2603
1983 08 0.3180
1983 09 0.3132
1983 10 0.2084
1983 11 0.4285
1983 12 0.2707
1984 01 0.2808
1984 02 0.1715
1984 03 0.2685
1984 04 0.1467
1984 05 0.2797
1984 06 0.1276
1984 07 0.1153
1984 08 0.1645
1984 09 0.1378
1984 10 0.1124
1984 11 0.0351
1984 12 -0.0962
1985 01 0.1758
1985 02 0.0154
1985 03 0.1845
1985 04 0.1452
1985 05 0.1920
1985 06 0.1241
1985 07 0.0726
1985 08 0.1241
1985 09 0.0969
1985 10 0.1248
1985 11 0.1137
1985 12 0.1944
1986 01 0.3210
1986 02 0.2758
1986 03 0.2927
1986 04 0.2567
1986 05 0.2464
1986 06 0.2482
1986 07 0.1603
1986 08 0.1633
1986 09 0.1661
1986 10 0.2001
1986 11 0.1510
1986 12 0.2137
1987 01 0.3075
1987 02 0.4983
1987 03 0.2509
1987 04 0.2971
1987 05 0.3291
1987 06 0.2976
1987 07 0.4130
1987 08 0.3785
1987 09 0.4271
1987 10 0.3303
1987 11 0.3261
1987 12 0.5263
1988 01 0.5437
1988 02 0.3852
1988 03 0.4791
1988 04 0.4380
1988 05 0.3766
1988 06 0.3814
1988 07 0.3383
1988 08 0.3159
1988 09 0.3123
1988 10 0.2948
1988 11 0.2236
1988 12 0.3563
1989 01 0.2099
1989 02 0.3010
1989 03 0.3304
1989 04 0.2846
1989 05 0.2727
1989 06 0.2677
1989 07 0.2968
1989 08 0.2953
1989 09 0.2976
1989 10 0.2975
1989 11 0.2472
1989 12 0.3943
1990 01 0.3568
1990 02 0.4004
1990 03 0.7259
1990 04 0.4866
1990 05 0.4224
1990 06 0.4049
1990 07 0.3400
1990 08 0.3421
1990 09 0.3085
1990 10 0.4207
1990 11 0.4725
1990 12 0.4407
1991 01 0.4479
1991 02 0.4604
1991 03 0.3648
1991 04 0.5128
1991 05 0.4062
1991 06 0.4763
1991 07 0.4381
1991 08 0.3812
1991 09 0.3798
1991 10 0.3236
1991 11 0.3130
1991 12 0.3004
1992 01 0.4666
1992 02 0.4451
1992 03 0.4306
1992 04 0.2875
1992 05 0.3227
1992 06 0.2774
1992 07 0.1308
1992 08 0.1337
1992 09 0.0575
1992 10 0.1111
1992 11 0.0855
1992 12 0.2790
1993 01 0.3800
1993 02 0.3924
1993 03 0.4176
1993 04 0.3108
1993 05 0.3394
1993 06 0.2889
1993 07 0.2288
1993 08 0.2075
1993 09 0.1650
1993 10 0.2402
1993 11 0.0887
1993 12 0.3124
1994 01 0.2854
1994 02 0.0745
1994 03 0.3523
1994 04 0.3548
1994 05 0.3769
1994 06 0.3776
1994 07 0.3083
1994 08 0.3032
1994 09 0.3266
1994 10 0.4224
1994 11 0.4471
1994 12 0.3990
1995 01 0.5457
1995 02 0.6843
1995 03 0.4608
1995 04 0.4053
1995 05 0.3509
1995 06 0.4613
1995 07 0.4232
1995 08 0.4975
1995 09 0.3813
1995 10 0.4316
1995 11 0.4482
1995 12 0.3421
1996 01 0.2584
1996 02 0.4531
1996 03 0.3219
1996 04 0.2682
1996 05 0.3869
1996 06 0.3493
1996 07 0.3194
1996 08 0.3132
1996 09 0.2602
1996 10 0.2221
1996 11 0.2780
1996 12 0.3845
1997 01 0.3714
1997 02 0.4251
1997 03 0.4583
1997 04 0.4502
1997 05 0.4170
1997 06 0.5287
1997 07 0.5045
1997 08 0.5394
1997 09 0.6199
1997 10 0.6413
1997 11 0.5821
1997 12 0.6266
1998 01 0.6016
1998 02 0.8610
1998 03 0.6360
1998 04 0.7305
1998 05 0.6645
1998 06 0.6641
1998 07 0.7304
1998 08 0.6768
1998 09 0.5238
1998 10 0.4913
1998 11 0.4086
1998 12 0.5775
1999 01 0.4981
1999 02 0.6696
1999 03 0.3684
1999 04 0.4537
1999 05 0.4043
1999 06 0.4150
1999 07 0.3975
1999 08 0.3638
1999 09 0.3952
1999 10 0.3720
1999 11 0.3644
1999 12 0.5748
2000 01 0.3412
2000 02 0.5405
2000 03 0.5536
2000 04 0.6268
2000 05 0.4635
2000 06 0.4046
2000 07 0.3906
2000 08 0.4508
2000 09 0.4311
2000 10 0.2999
2000 11 0.2557
2000 12 0.3154
2001 01 0.4702
2001 02 0.3904
2001 03 0.6265
2001 04 0.5623
2001 05 0.5950
2001 06 0.5308
2001 07 0.5534
2001 08 0.5973
2001 09 0.5001
2001 10 0.4956
2001 11 0.6824
2001 12 0.5074
2002 01 0.6975
2002 02 0.7794
2002 03 0.7857
2002 04 0.5667
2002 05 0.5581
2002 06 0.5831
2002 07 0.6174
2002 08 0.5305
2002 09 0.5640
2002 10 0.4736
2002 11 0.5871
2002 12 0.4333
2003 01 0.6869
2003 02 0.5604
2003 03 0.5654
2003 04 0.5565
2003 05 0.5916
2003 06 0.5357
2003 07 0.5365
2003 08 0.6157
2003 09 0.6346
2003 10 0.7220
2003 11 0.5730
2003 12 0.7320
2004 01 0.5924
2004 02 0.7179
2004 03 0.6945
2004 04 0.5895
2004 05 0.4412
2004 06 0.4651
2004 07 0.4761
2004 08 0.5091
2004 09 0.5260
2004 10 0.6125
2004 11 0.7545
2004 12 0.5060
2005 01 0.6207
2005 02 0.5119
2005 03 0.6885
2005 04 0.7255
2005 05 0.6525
2005 06 0.6650
2005 07 0.6516
2005 08 0.6177
2005 09 0.6814
2005 10 0.6868
2005 11 0.7215
2005 12 0.6180
2006 01 0.4584
2006 02 0.6199
2006 03 0.5924
2006 04 0.5144
2006 05 0.5465
2006 06 0.6308
2006 07 0.6134
2006 08 0.6172
2006 09 0.6257
2006 10 0.6752
2006 11 0.6393
2006 12 0.7621
2007 01 0.8772
2007 02 0.6586
2007 03 0.6635
2007 04 0.7318
2007 05 0.6040
2007 06 0.5308
2007 07 0.5241
2007 08 0.5444
2007 09 0.5715
2007 10 0.5603
2007 11 0.5125
2007 12 0.4797
2008 01 0.2682
2008 02 0.3740
2008 03 0.7576
2008 04 0.4767
2008 05 0.4938
2008 06 0.5242
2008 07 0.5699
2008 08 0.5489
2008 09 0.5231
2008 10 0.6605
2008 11 0.6621
2008 12 0.5555
2009 01 0.5866
2009 02 0.5613
2009 03 0.5729
2009 04 0.6460
2009 05 0.5802
2009 06 0.6645
2009 07 0.6327
2009 08 0.6891
2009 09 0.7006
2009 10 0.6367
2009 11 0.6648
2009 12 0.6089
2010 01 0.6979
2010 02 0.7057
2010 03 0.8403
2010 04 0.8237
2010 05 0.7539
2010 06 0.7262
2010 07 0.7210
2010 08 0.6503
2010 09 0.5641
2010 10 0.6185
2010 11 0.7642
2010 12 0.4788
2011 01 0.4616
2011 02 0.4881
2011 03 0.5850
2011 04 0.6459
2011 05 0.5674
2011 06 0.6375
2011 07 0.6210
2011 08 0.6063
2011 09 0.5904
2011 10 0.6287
2011 11 0.4786
2011 12 0.5405
2012 01 0.4153
2012 02 0.4187
2012 03 0.5169
2012 04 0.7241
2012 05 0.7134
2012 06 0.6953
2012 07 0.6790
2012 08 0.6596
2012 09 0.7134
2012 10 0.6930
2012 11 0.6999
2012 12 0.4540
2013 01 0.5751
2013 02 0.6242
2013 03 0.6059
2013 04 0.5544
2013 05 0.7051
2013 06 0.6752
2013 07 0.6590
2013 08 0.6569
2013 09 0.6763
2013 10 0.6703
2013 11 0.8191
2013 12 0.6921
2014 01 0.6881
2014 02 0.4764
2014 03 0.7659
2014 04 0.7949
2014 05 0.7864
2014 06 0.7527
2014 07 0.6871
2014 08 0.7874
2014 09 0.7793
2014 10 0.7767
2014 11 0.6838
2014 12 0.8258
2015 01 0.8147
2015 02 0.8810
2015 03 0.8928
2015 04 0.7707
2015 05 0.8515
2015 06 0.8737
2015 07 0.8025
2015 08 0.8663
2015 09 0.9151
2015 10 0.9853
2015 11 0.9621
2015 12 1.1153
2016 01 1.0379
2016 02 1.1976
2016 03 1.2219
2016 04 1.0735
2016 05 0.8733
