Glob al Land and Ocean Temperature Anomalies
Unit s: Degrees Celsius
Base  P riod: 1901-2000
Year ,V lue
1880 01 -0.0030
1880 02 -0.1286
1880 03 -0.1398
1880 04 -0.0552
1880 05 -0.0775
1880 06 -0.1718
1880 07 -0.1545
1880 08 -0.0772
1880 09 -0.0851
1880 10 -0.1827
1880 11 -0.2709
1880 12 -0.0823
1881 01 -0.0239
1881 02 -0.0327
1881 03 0.0300
1881 04 0.0696
1881 05 0.0225
1881 06 -0.0968
1881 07 -0.0401
1881 08 -0.0600
1881 09 -0.1876
1881 10 -0.2255
1881 11 -0.2266
1881 12 -0.0489
1882 01 0.0855
1882 02 0.0302
1882 03 0.0682
1882 04 -0.1289
1882 05 -0.1516
1882 06 -0.1458
1882 07 -0.0707
1882 08 -0.0079
1882 09 0.0019
1882 10 -0.2140
1882 11 -0.1315
1882 12 -0.1785
1883 01 -0.2735
1883 02 -0.2987
1883 03 -0.1369
1883 04 -0.1791
1883 05 -0.1469
1883 06 -0.0120
1883 07 -0.0878
1883 08 -0.0542
1883 09 -0.1519
1883 10 -0.1683
1883 11 -0.1745
1883 12 -0.0802
1884 01 -0.1926
1884 02 -0.1528
1884 03 -0.2132
1884 04 -0.1913
1884 05 -0.1362
1884 06 -0.2052
1884 07 -0.3101
1884 08 -0.2788
1884 09 -0.2346
1884 10 -0.1841
1884 11 -0.2788
1884 12 -0.1579
1885 01 -0.4380
1885 02 -0.2701
1885 03 -0.1583
1885 04 -0.2679
1885 05 -0.2941
1885 06 -0.3207
1885 07 -0.2504
1885 08 -0.2529
1885 09 -0.2082
1885 10 -0.1391
1885 11 -0.1366
1885 12 0.0402
1886 01 -0.1282
1886 02 -0.2937
1886 03 -0.2958
1886 04 -0.1833
1886 05 -0.1720
1886 06 -0.2606
1886 07 -0.1744
1886 08 -0.2252
1886 09 -0.2081
1886 10 -0.2396
1886 11 -0.2081
1886 12 -0.1771
1887 01 -0.3927
1887 02 -0.3869
1887 03 -0.1756
1887 04 -0.2021
1887 05 -0.2493
1887 06 -0.2263
1887 07 -0.2800
1887 08 -0.3259
1887 09 -0.1908
1887 10 -0.3105
1887 11 -0.1651
1887 12 -0.2095
1888 01 -0.4039
1888 02 -0.3462
1888 03 -0.3131
1888 04 -0.1912
1888 05 -0.1691
1888 06 -0.1067
1888 07 -0.1294
1888 08 -0.1735
1888 09 -0.0843
1888 10 0.0023
1888 11 -0.0568
1888 12 0.0275
1889 01 -0.1084
1889 02 0.0001
1889 03 0.1082
1889 04 0.0374
1889 05 -0.0426
1889 06 -0.0867
1889 07 -0.1731
1889 08 -0.1493
1889 09 -0.2367
1889 10 -0.2047
1889 11 -0.2887
1889 12 -0.1871
1890 01 -0.3710
1890 02 -0.4396
1890 03 -0.3275
1890 04 -0.2670
1890 05 -0.3966
1890 06 -0.2964
1890 07 -0.2876
1890 08 -0.3311
1890 09 -0.3616
1890 10 -0.3036
1890 11 -0.3499
1890 12 -0.2394
1891 01 -0.3886
1891 02 -0.5306
1891 03 -0.2185
1891 04 -0.2571
1891 05 -0.1404
1891 06 -0.2072
1891 07 -0.2301
1891 08 -0.2299
1891 09 -0.1576
1891 10 -0.2919
1891 11 -0.4003
1891 12 -0.0489
1892 01 -0.2416
1892 02 -0.1392
1892 03 -0.3146
1892 04 -0.3174
1892 05 -0.3089
1892 06 -0.2912
1892 07 -0.3567
1892 08 -0.3405
1892 09 -0.2364
1892 10 -0.2567
1892 11 -0.4808
1892 12 -0.4816
1893 01 -0.6821
1893 02 -0.6197
1893 03 -0.2311
1893 04 -0.3544
1893 05 -0.3442
1893 06 -0.2449
1893 07 -0.2059
1893 08 -0.3277
1893 09 -0.2648
1893 10 -0.2152
1893 11 -0.1670
1893 12 -0.2497
1894 01 -0.4363
1894 02 -0.2279
1894 03 -0.2135
1894 04 -0.3084
1894 05 -0.3054
1894 06 -0.3547
1894 07 -0.2776
1894 08 -0.2744
1894 09 -0.2610
1894 10 -0.2189
1894 11 -0.3003
1894 12 -0.2435
1895 01 -0.4431
1895 02 -0.4189
1895 03 -0.2902
1895 04 -0.1885
1895 05 -0.2135
1895 06 -0.2993
1895 07 -0.2075
1895 08 -0.2307
1895 09 -0.1371
1895 10 -0.1361
1895 11 -0.1633
1895 12 -0.0758
1896 01 -0.1096
1896 02 -0.0831
1896 03 -0.2118
1896 04 -0.2661
1896 05 -0.1038
1896 06 -0.0934
1896 07 -0.0527
1896 08 -0.0741
1896 09 -0.0717
1896 10 -0.0102
1896 11 -0.1680
1896 12 0.0475
1897 01 -0.1911
1897 02 -0.1189
1897 03 -0.1941
1897 04 -0.0114
1897 05 -0.0302
1897 06 -0.1042
1897 07 -0.0431
1897 08 -0.0782
1897 09 -0.0300
1897 10 -0.1636
1897 11 -0.2435
1897 12 -0.3016
1898 01 -0.0459
1898 02 -0.2879
1898 03 -0.6607
1898 04 -0.3553
1898 05 -0.2986
1898 06 -0.2115
1898 07 -0.2441
1898 08 -0.2316
1898 09 -0.2048
1898 10 -0.3270
1898 11 -0.2479
1898 12 -0.0168
1899 01 -0.0985
1899 02 -0.2919
1899 03 -0.2636
1899 04 -0.2002
1899 05 -0.1231
1899 06 -0.2028
1899 07 -0.1175
1899 08 -0.0645
1899 09 -0.0331
1899 10 -0.0305
1899 11 0.1274
1899 12 -0.1719
1900 01 -0.2444
1900 02 -0.0966
1900 03 -0.0514
1900 04 -0.1013
1900 05 -0.0414
1900 06 -0.0519
1900 07 -0.0792
1900 08 -0.0756
1900 09 -0.0693
1900 10 0.0417
1900 11 -0.1436
1900 12 0.0253
1901 01 -0.1320
1901 02 -0.0773
1901 03 -0.0395
1901 04 -0.0725
1901 05 -0.1334
1901 06 -0.1379
1901 07 -0.1605
1901 08 -0.1403
1901 09 -0.2133
1901 10 -0.2903
1901 11 -0.1481
1901 12 -0.2485
1902 01 -0.0947
1902 02 -0.0460
1902 03 -0.2122
1902 04 -0.2768
1902 05 -0.2684
1902 06 -0.3457
1902 07 -0.2998
1902 08 -0.2764
1902 09 -0.2464
1902 10 -0.2941
1902 11 -0.3538
1902 12 -0.3797
1903 01 -0.2263
1903 02 -0.0982
1903 03 -0.2926
1903 04 -0.3628
1903 05 -0.4035
1903 06 -0.3850
1903 07 -0.3429
1903 08 -0.4421
1903 09 -0.3836
1903 10 -0.4418
1903 11 -0.4025
1903 12 -0.3956
1904 01 -0.5505
1904 02 -0.4728
1904 03 -0.5241
1904 04 -0.4822
1904 05 -0.4369
1904 06 -0.4486
1904 07 -0.4636
1904 08 -0.4371
1904 09 -0.4698
1904 10 -0.4139
1904 11 -0.1761
1904 12 -0.2477
1905 01 -0.3590
1905 02 -0.6253
1905 03 -0.4009
1905 04 -0.4570
1905 05 -0.2941
1905 06 -0.2578
1905 07 -0.1983
1905 08 -0.2315
1905 09 -0.2316
1905 10 -0.3049
1905 11 -0.0964
1905 12 -0.1389
1906 01 -0.1781
1906 02 -0.2431
1906 03 -0.1532
1906 04 -0.0574
1906 05 -0.2222
1906 06 -0.1796
1906 07 -0.2533
1906 08 -0.2407
1906 09 -0.3100
1906 10 -0.2867
1906 11 -0.3749
1906 12 -0.1721
1907 01 -0.3547
1907 02 -0.4133
1907 03 -0.2898
1907 04 -0.3623
1907 05 -0.4792
1907 06 -0.3826
1907 07 -0.3633
1907 08 -0.3453
1907 09 -0.3493
1907 10 -0.3115
1907 11 -0.5168
1907 12 -0.4019
1908 01 -0.3690
1908 02 -0.3853
1908 03 -0.6140
1908 04 -0.4879
1908 05 -0.4087
1908 06 -0.4135
1908 07 -0.3963
1908 08 -0.4883
1908 09 -0.4060
1908 10 -0.5245
1908 11 -0.4900
1908 12 -0.3884
1909 01 -0.5567
1909 02 -0.4654
1909 03 -0.5474
1909 04 -0.5350
1909 05 -0.4599
1909 06 -0.4237
1909 07 -0.4418
1909 08 -0.3122
1909 09 -0.3693
1909 10 -0.3981
1909 11 -0.2823
1909 12 -0.4143
1910 01 -0.3118
1910 02 -0.3678
1910 03 -0.4315
1910 04 -0.3463
1910 05 -0.3115
1910 06 -0.3622
1910 07 -0.3328
1910 08 -0.3391
1910 09 -0.3403
1910 10 -0.4269
1910 11 -0.5008
1910 12 -0.5713
1911 01 -0.5164
1911 02 -0.5369
1911 03 -0.5778
1911 04 -0.5163
1911 05 -0.4802
1911 06 -0.4466
1911 07 -0.4689
1911 08 -0.4581
1911 09 -0.4013
1911 10 -0.3451
1911 11 -0.2596
1911 12 -0.2458
1912 01 -0.2816
1912 02 -0.1178
1912 03 -0.3173
1912 04 -0.2081
1912 05 -0.2322
1912 06 -0.2653
1912 07 -0.3208
1912 08 -0.4545
1912 09 -0.4924
1912 10 -0.5237
1912 11 -0.4202
1912 12 -0.3619
1913 01 -0.3576
1913 02 -0.3929
1913 03 -0.4145
1913 04 -0.3554
1913 05 -0.4020
1913 06 -0.3852
1913 07 -0.3570
1913 08 -0.3303
1913 09 -0.3573
1913 10 -0.3142
1913 11 -0.1396
1913 12 -0.0415
1914 01 0.0916
1914 02 -0.1217
1914 03 -0.1660
1914 04 -0.2521
1914 05 -0.1693
1914 06 -0.1974
1914 07 -0.2116
1914 08 -0.1796
1914 09 -0.1866
1914 10 -0.0996
1914 11 -0.1265
1914 12 -0.1064
1915 01 -0.1404
1915 02 -0.0202
1915 03 -0.1109
1915 04 0.0158
1915 05 -0.0738
1915 06 -0.0919
1915 07 -0.0325
1915 08 -0.0770
1915 09 -0.1160
1915 10 -0.1751
1915 11 -0.0154
1915 12 -0.0534
1916 01 -0.1835
1916 02 -0.1822
1916 03 -0.3011
1916 04 -0.2048
1916 05 -0.2293
1916 06 -0.3885
1916 07 -0.2912
1916 08 -0.2789
1916 09 -0.2654
1916 10 -0.2695
1916 11 -0.3977
1916 12 -0.5773
1917 01 -0.4287
1917 02 -0.4771
1917 03 -0.4299
1917 04 -0.3170
1917 05 -0.4537
1917 06 -0.3457
1917 07 -0.1746
1917 08 -0.1749
1917 09 -0.0635
1917 10 -0.2639
1917 11 -0.1344
1917 12 -0.5363
1918 01 -0.2155
1918 02 -0.2928
1918 03 -0.1836
1918 04 -0.3000
1918 05 -0.2784
1918 06 -0.1788
1918 07 -0.2020
1918 08 -0.1756
1918 09 -0.1500
1918 10 -0.1000
1918 11 -0.1168
1918 12 -0.3222
1919 01 -0.2421
1919 02 -0.0581
1919 03 -0.2403
1919 04 -0.0730
1919 05 -0.1857
1919 06 -0.2387
1919 07 -0.2156
1919 08 -0.2079
1919 09 -0.1820
1919 10 -0.2191
1919 11 -0.3170
1919 12 -0.2966
1920 01 -0.1162
1920 02 -0.2282
1920 03 -0.0620
1920 04 -0.2134
1920 05 -0.1706
1920 06 -0.2578
1920 07 -0.2471
1920 08 -0.2307
1920 09 -0.1788
1920 10 -0.2128
1920 11 -0.2539
1920 12 -0.3901
1921 01 -0.0597
1921 02 -0.1518
1921 03 -0.2212
1921 04 -0.2085
1921 05 -0.1927
1921 06 -0.1681
1921 07 -0.1166
1921 08 -0.1947
1921 09 -0.1494
1921 10 -0.0685
1921 11 -0.1886
1921 12 -0.0838
1922 01 -0.3226
1922 02 -0.2935
1922 03 -0.0828
1922 04 -0.1324
1922 05 -0.2681
1922 06 -0.2852
1922 07 -0.2653
1922 08 -0.2799
1922 09 -0.2551
1922 10 -0.2509
1922 11 -0.1940
1922 12 -0.1579
1923 01 -0.2169
1923 02 -0.3763
1923 03 -0.2701
1923 04 -0.3396
1923 05 -0.2521
1923 06 -0.1971
1923 07 -0.2822
1923 08 -0.2839
1923 09 -0.2464
1923 10 -0.1622
1923 11 0.0272
1923 12 0.0041
1924 01 -0.2507
1924 02 -0.1864
1924 03 -0.1150
1924 04 -0.2470
1924 05 -0.1924
1924 06 -0.2275
1924 07 -0.2218
1924 08 -0.2908
1924 09 -0.2844
1924 10 -0.2883
1924 11 -0.2953
1924 12 -0.4015
1925 01 -0.3222
1925 02 -0.2789
1925 03 -0.1702
1925 04 -0.1650
1925 05 -0.2228
1925 06 -0.2305
1925 07 -0.2083
1925 08 -0.1363
1925 09 -0.1025
1925 10 -0.1283
1925 11 0.0597
1925 12 0.1383
1926 01 0.1690
1926 02 0.0831
1926 03 0.0777
1926 04 -0.1296
1926 05 -0.1307
1926 06 -0.1212
1926 07 -0.1556
1926 08 -0.0845
1926 09 -0.1002
1926 10 -0.0804
1926 11 -0.0748
1926 12 -0.2062
1927 01 -0.1689
1927 02 -0.1861
1927 03 -0.2532
1927 04 -0.2176
1927 05 -0.2250
1927 06 -0.1985
1927 07 -0.1013
1927 08 -0.1117
1927 09 -0.0254
1927 10 0.0202
1927 11 -0.0367
1927 12 -0.3066
1928 01 -0.0750
1928 02 -0.1413
1928 03 -0.2621
1928 04 -0.2457
1928 05 -0.1840
1928 06 -0.2756
1928 07 -0.1756
1928 08 -0.1965
1928 09 -0.1859
1928 10 -0.1223
1928 11 -0.0675
1928 12 -0.1650
1929 01 -0.4792
1929 02 -0.5431
1929 03 -0.2651
1929 04 -0.2993
1929 05 -0.2897
1929 06 -0.2754
1929 07 -0.2725
1929 08 -0.2089
1929 09 -0.2113
1929 10 -0.1190
1929 11 -0.0982
1929 12 -0.5113
1930 01 -0.3423
1930 02 -0.2066
1930 03 -0.0471
1930 04 -0.1966
1930 05 -0.1996
1930 06 -0.0771
1930 07 -0.0639
1930 08 -0.0834
1930 09 -0.1039
1930 10 0.0007
1930 11 0.1402
1930 12 0.0067
1931 01 -0.0467
1931 02 -0.2212
1931 03 -0.0066
1931 04 -0.1609
1931 05 -0.1543
1931 06 -0.0207
1931 07 -0.0134
1931 08 0.0041
1931 09 0.0010
1931 10 0.0102
1931 11 -0.1151
1931 12 -0.1088
1932 01 0.1540
1932 02 -0.1793
1932 03 -0.1868
1932 04 -0.0364
1932 05 -0.1710
1932 06 -0.1611
1932 07 -0.1244
1932 08 -0.1780
1932 09 -0.0729
1932 10 -0.0936
1932 11 -0.1980
1932 12 -0.1887
1933 01 -0.3112
1933 02 -0.3170
1933 03 -0.2505
1933 04 -0.2071
1933 05 -0.2102
1933 06 -0.2019
1933 07 -0.1822
1933 08 -0.1902
1933 09 -0.2228
1933 10 -0.1891
1933 11 -0.2588
1933 12 -0.4102
1934 01 -0.3173
1934 02 -0.0263
1934 03 -0.2620
1934 04 -0.2371
1934 05 -0.0492
1934 06 -0.0115
1934 07 -0.0966
1934 08 -0.0606
1934 09 -0.1285
1934 10 -0.0738
1934 11 0.0024
1934 12 -0.0293
1935 01 -0.2948
1935 02 0.1626
1935 03 -0.1520
1935 04 -0.2603
1935 05 -0.2072
1935 06 -0.1740
1935 07 -0.1176
1935 08 -0.1031
1935 09 -0.0920
1935 10 -0.0119
1935 11 -0.2709
1935 12 -0.1759
1936 01 -0.2566
1936 02 -0.3167
1936 03 -0.2116
1936 04 -0.1811
1936 05 -0.1186
1936 06 -0.1085
1936 07 -0.0128
1936 08 -0.0558
1936 09 -0.0417
1936 10 -0.0249
1936 11 -0.0294
1936 12 -0.0188
1937 01 -0.1720
1937 02 0.0363
1937 03 -0.1841
1937 04 -0.1272
1937 05 -0.0225
1937 06 0.0090
1937 07 -0.0025
1937 08 0.0902
1937 09 0.1301
1937 10 0.1121
1937 11 0.0076
1937 12 -0.0917
1938 01 -0.0376
1938 02 -0.0549
1938 03 0.0304
1938 04 0.0424
1938 05 -0.0191
1938 06 -0.0935
1938 07 -0.0496
1938 08 -0.0156
1938 09 0.0304
1938 10 0.0767
1938 11 0.0044
1938 12 -0.2545
1939 01 -0.1665
1939 02 -0.1087
1939 03 -0.1881
1939 04 -0.1308
1939 05 -0.0382
1939 06 -0.0115
1939 07 0.0069
1939 08 0.0567
1939 09 0.0120
1939 10 -0.0409
1939 11 0.0458
1939 12 0.4055
1940 01 -0.1254
1940 02 0.0529
1940 03 0.0680
1940 04 0.1259
1940 05 0.0555
1940 06 0.1051
1940 07 0.1480
1940 08 0.0920
1940 09 0.1482
1940 10 0.1003
1940 11 0.1009
1940 12 0.2698
1941 01 0.1818
1941 02 0.2310
1941 03 0.1057
1941 04 0.2267
1941 05 0.2494
1941 06 0.1669
1941 07 0.2119
1941 08 0.1782
1941 09 0.0900
1941 10 0.3164
1941 11 0.2250
1941 12 0.2108
1942 01 0.2993
1942 02 0.1006
1942 03 0.1792
1942 04 0.1925
1942 05 0.1669
1942 06 0.2120
1942 07 0.0815
1942 08 0.0455
1942 09 0.1188
1942 10 0.1497
1942 11 0.1701
1942 12 0.1521
1943 01 -0.0249
1943 02 0.1692
1943 03 0.0779
1943 04 0.1725
1943 05 0.1359
1943 06 0.0295
1943 07 0.1891
1943 08 0.1020
1943 09 0.1464
1943 10 0.3163
1943 11 0.2496
1943 12 0.3606
1944 01 0.4259
1944 02 0.3062
1944 03 0.3693
1944 04 0.2706
1944 05 0.2705
1944 06 0.3423
1944 07 0.3200
1944 08 0.2804
1944 09 0.3860
1944 10 0.3207
1944 11 0.1527
1944 12 0.1021
1945 01 0.1577
1945 02 0.0214
1945 03 0.1148
1945 04 0.2814
1945 05 0.1790
1945 06 0.1496
1945 07 0.1723
1945 08 0.3605
1945 09 0.2614
1945 10 0.2666
1945 11 0.2012
1945 12 -0.0426
1946 01 0.2249
1946 02 0.0926
1946 03 0.0041
1946 04 0.1784
1946 05 -0.0265
1946 06 -0.0983
1946 07 -0.0311
1946 08 -0.0653
1946 09 -0.0137
1946 10 -0.0065
1946 11 -0.0098
1946 12 -0.2618
1947 01 -0.1791
1947 02 -0.0734
1947 03 -0.0059
1947 04 0.0189
1947 05 -0.0169
1947 06 0.0242
1947 07 -0.0085
1947 08 -0.0590
1947 09 -0.1271
1947 10 0.0593
1947 11 -0.0206
1947 12 -0.1423
1948 01 0.0541
1948 02 -0.0902
1948 03 -0.1843
1948 04 -0.0613
1948 05 0.1489
1948 06 -0.0079
1948 07 -0.0564
1948 08 -0.0207
1948 09 -0.0984
1948 10 -0.0633
1948 11 -0.0571
1948 12 -0.1110
1949 01 0.1238
1949 02 -0.1446
1949 03 -0.0697
1949 04 0.0106
1949 05 -0.0028
1949 06 -0.1451
1949 07 -0.0734
1949 08 -0.0193
1949 09 -0.0677
1949 10 -0.0292
1949 11 -0.0514
1949 12 -0.1805
1950 01 -0.2749
1950 02 -0.2349
1950 03 -0.0815
1950 04 -0.1654
1950 05 -0.0486
1950 06 -0.0515
1950 07 -0.0985
1950 08 -0.1332
1950 09 -0.1002
1950 10 -0.1627
1950 11 -0.3585
1950 12 -0.1783
1951 01 -0.2882
1951 02 -0.4074
1951 03 -0.1649
1951 04 -0.0847
1951 05 0.0598
1951 06 0.0399
1951 07 0.1129
1951 08 0.1158
1951 09 0.1348
1951 10 0.1097
1951 11 0.0281
1951 12 0.2167
1952 01 0.1550
1952 02 0.0948
1952 03 -0.0441
1952 04 0.0703
1952 05 0.0387
1952 06 0.0420
1952 07 0.0755
1952 08 0.0691
1952 09 0.0698
1952 10 -0.0336
1952 11 -0.1942
1952 12 -0.0050
1953 01 0.1048
1953 02 0.1574
1953 03 0.1587
1953 04 0.1905
1953 05 0.1486
1953 06 0.1288
1953 07 0.0708
1953 08 0.0833
1953 09 0.0668
1953 10 0.0757
1953 11 -0.0587
1953 12 0.0601
1954 01 -0.2340
1954 02 -0.0840
1954 03 -0.0874
1954 04 -0.1732
1954 05 -0.1980
1954 06 -0.1124
1954 07 -0.1201
1954 08 -0.0874
1954 09 -0.0569
1954 10 -0.0680
1954 11 0.0423
1954 12 -0.1831
1955 01 0.0920
1955 02 -0.1273
1955 03 -0.3075
1955 04 -0.2351
1955 05 -0.1236
1955 06 -0.0669
1955 07 -0.0854
1955 08 -0.0228
1955 09 -0.0908
1955 10 -0.1223
1955 11 -0.2350
1955 12 -0.2683
1956 01 -0.1742
1956 02 -0.2697
1956 03 -0.1954
1956 04 -0.2809
1956 05 -0.2240
1956 06 -0.1405
1956 07 -0.1324
1956 08 -0.1855
1956 09 -0.2500
1956 10 -0.1969
1956 11 -0.1522
1956 12 -0.1516
1957 01 -0.1152
1957 02 -0.1082
1957 03 -0.0641
1957 04 -0.0151
1957 05 0.1133
1957 06 0.1615
1957 07 0.0626
1957 08 0.1335
1957 09 0.0771
1957 10 0.0173
1957 11 0.1316
1957 12 0.2323
1958 01 0.3003
1958 02 0.2130
1958 03 0.1217
1958 04 0.1181
1958 05 0.1067
1958 06 0.0668
1958 07 0.0690
1958 08 0.0554
1958 09 0.0227
1958 10 0.0426
1958 11 0.0937
1958 12 0.1473
1959 01 0.1294
1959 02 0.0723
1959 03 0.2099
1959 04 0.1220
1959 05 0.0330
1959 06 0.0900
1959 07 0.0716
1959 08 0.0563
1959 09 0.1031
1959 10 -0.0084
1959 11 -0.0735
1959 12 -0.0302
1960 01 0.0076
1960 02 0.1901
1960 03 -0.1987
1960 04 -0.0913
1960 05 -0.0800
1960 06 0.0813
1960 07 0.0367
1960 08 0.0493
1960 09 0.0678
1960 10 0.0426
1960 11 -0.0453
1960 12 0.2309
1961 01 0.1234
1961 02 0.1798
1961 03 0.1663
1961 04 0.1369
1961 05 0.1653
1961 06 0.1521
1961 07 0.0381
1961 08 0.0338
1961 09 -0.0042
1961 10 -0.0322
1961 11 0.0194
1961 12 -0.0155
1962 01 0.1376
1962 02 0.1727
1962 03 0.1228
1962 04 0.0804
1962 05 0.0622
1962 06 0.0610
1962 07 0.0933
1962 08 0.0589
1962 09 0.0662
1962 10 0.0816
1962 11 0.0802
1962 12 0.0894
1963 01 0.0407
1963 02 0.2580
1963 03 -0.0208
1963 04 -0.0003
1963 05 0.0149
1963 06 0.0498
1963 07 0.1397
1963 08 0.1593
1963 09 0.1671
1963 10 0.2161
1963 11 0.1968
1963 12 0.0849
1964 01 0.0525
1964 02 -0.1009
1964 03 -0.1388
1964 04 -0.1805
1964 05 -0.0951
1964 06 -0.0892
1964 07 -0.1091
1964 08 -0.1643
1964 09 -0.2065
1964 10 -0.2621
1964 11 -0.2009
1964 12 -0.2618
1965 01 -0.0669
1965 02 -0.1945
1965 03 -0.0976
1965 04 -0.1842
1965 05 -0.0750
1965 06 -0.0411
1965 07 -0.0825
1965 08 -0.0439
1965 09 -0.0472
1965 10 0.0260
1965 11 -0.0886
1965 12 -0.0103
1966 01 -0.0429
1966 02 -0.0351
1966 03 0.0006
1966 04 -0.0873
1966 05 -0.0322
1966 06 0.0608
1966 07 0.0686
1966 08 0.0224
1966 09 0.0280
1966 10 -0.0560
1966 11 -0.0421
1966 12 -0.1210
1967 01 -0.1028
1967 02 -0.1629
1967 03 0.0072
1967 04 0.0095
1967 05 0.1295
1967 06 -0.0265
1967 07 -0.0167
1967 08 -0.0026
1967 09 -0.0286
1967 10 0.1310
1967 11 -0.0209
1967 12 -0.0402
1968 01 -0.1843
1968 02 -0.1236
1968 03 0.1539
1968 04 -0.0677
1968 05 -0.0768
1968 06 -0.0148
1968 07 -0.0203
1968 08 -0.0138
1968 09 -0.0103
1968 10 0.0477
1968 11 0.0171
1968 12 -0.0412
1969 01 -0.1280
1969 02 -0.1011
1969 03 0.1227
1969 04 0.1964
1969 05 0.1782
1969 06 0.0776
1969 07 0.0939
1969 08 0.0989
1969 09 0.0882
1969 10 0.0725
1969 11 0.1957
1969 12 0.2495
1970 01 0.1248
1970 02 0.2392
1970 03 0.0363
1970 04 0.1340
1970 05 0.0442
1970 06 0.0306
1970 07 -0.0207
1970 08 -0.0180
1970 09 0.0101
1970 10 -0.0354
1970 11 0.0243
1970 12 -0.0925
1971 01 -0.0016
1971 02 -0.2132
1971 03 -0.1373
1971 04 -0.1275
1971 05 -0.0877
1971 06 -0.1247
1971 07 -0.0617
1971 08 -0.0680
1971 09 -0.0401
1971 10 -0.0750
1971 11 0.0395
1971 12 -0.0203
1972 01 -0.2393
1972 02 -0.1600
1972 03 0.0073
1972 04 0.0394
1972 05 0.0179
1972 06 0.0795
1972 07 0.0692
1972 08 0.0927
1972 09 0.0251
1972 10 0.0925
1972 11 0.0796
1972 12 0.2546
1973 01 0.2600
1973 02 0.3754
1973 03 0.3326
1973 04 0.2534
1973 05 0.2174
1973 06 0.1980
1973 07 0.1165
1973 08 0.0799
1973 09 0.0549
1973 10 0.0453
1973 11 0.0238
1973 12 0.0273
1974 01 -0.1931
1974 02 -0.2533
1974 03 -0.0477
1974 04 -0.0403
1974 05 -0.0227
1974 06 -0.0380
1974 07 0.0181
1974 08 0.0130
1974 09 -0.0413
1974 10 -0.0787
1974 11 -0.0668
1974 12 -0.0960
1975 01 0.1210
1975 02 0.0339
1975 03 0.1114
1975 04 0.0806
1975 05 0.0707
1975 06 0.0360
1975 07 0.0043
1975 08 -0.0671
1975 09 0.0197
1975 10 -0.1229
1975 11 -0.1427
1975 12 -0.0889
1976 01 -0.0169
1976 02 -0.1210
1976 03 -0.2344
1976 04 -0.0208
1976 05 -0.1217
1976 06 -0.0737
1976 07 -0.0854
1976 08 -0.0886
1976 09 -0.0434
1976 10 -0.1819
1976 11 -0.0393
1976 12 0.0917
1977 01 0.0652
1977 02 0.2390
1977 03 0.3113
1977 04 0.2841
1977 05 0.2395
1977 06 0.2469
1977 07 0.1735
1977 08 0.1418
1977 09 0.1868
1977 10 0.1179
1977 11 0.2607
1977 12 0.1130
1978 01 0.1627
1978 02 0.1316
1978 03 0.2250
1978 04 0.1353
1978 05 0.0619
1978 06 0.0525
1978 07 0.0685
1978 08 0.0038
1978 09 0.0740
1978 10 0.0648
1978 11 0.2279
1978 12 0.1528
1979 01 0.1632
1979 02 0.0933
1979 03 0.2459
1979 04 0.1137
1979 05 0.1580
1979 06 0.2178
1979 07 0.1755
1979 08 0.2279
1979 09 0.2526
1979 10 0.2952
1979 11 0.2963
1979 12 0.5051
1980 01 0.3113
1980 02 0.3536
1980 03 0.2430
1980 04 0.3106
1980 05 0.3196
1980 06 0.2483
1980 07 0.2195
1980 08 0.1975
1980 09 0.2040
1980 10 0.1853
1980 11 0.3338
1980 12 0.2714
1981 01 0.4716
1981 02 0.3667
1981 03 0.4136
1981 04 0.3593
1981 05 0.2647
1981 06 0.2867
1981 07 0.2290
1981 08 0.2467
1981 09 0.1903
1981 10 0.1723
1981 11 0.2192
1981 12 0.4249
1982 01 0.1381
1982 02 0.1601
1982 03 0.0872
1982 04 0.2084
1982 05 0.1945
1982 06 0.1266
1982 07 0.1455
1982 08 0.1426
1982 09 0.2379
1982 10 0.1790
1982 11 0.1508
1982 12 0.4386
1983 01 0.5190
1983 02 0.4849
1983 03 0.4289
1983 04 0.2949
1983 05 0.2922
1983 06 0.2659
1983 07 0.2670
1983 08 0.3253
1983 09 0.3202
1983 10 0.2145
1983 11 0.4351
1983 12 0.2772
1984 01 0.2858
1984 02 0.1780
1984 03 0.2755
1984 04 0.1533
1984 05 0.2865
1984 06 0.1315
1984 07 0.1206
1984 08 0.1699
1984 09 0.1448
1984 10 0.1208
1984 11 0.0394
1984 12 -0.0908
1985 01 0.1818
1985 02 0.0199
1985 03 0.1908
1985 04 0.1517
1985 05 0.1986
1985 06 0.1297
1985 07 0.0785
1985 08 0.1300
1985 09 0.1027
1985 10 0.1317
1985 11 0.1188
1985 12 0.2006
1986 01 0.3264
1986 02 0.2814
1986 03 0.2974
1986 04 0.2635
1986 05 0.2526
1986 06 0.2533
1986 07 0.1691
1986 08 0.1697
1986 09 0.1724
1986 10 0.2069
1986 11 0.1567
1986 12 0.2194
1987 01 0.3133
1987 02 0.5050
1987 03 0.2571
1987 04 0.3036
1987 05 0.3334
1987 06 0.3016
1987 07 0.4204
1987 08 0.3852
1987 09 0.4354
1987 10 0.3364
1987 11 0.3316
1987 12 0.5329
1988 01 0.5510
1988 02 0.3922
1988 03 0.4867
1988 04 0.4451
1988 05 0.3836
1988 06 0.3869
1988 07 0.3427
1988 08 0.3209
1988 09 0.3196
1988 10 0.3011
1988 11 0.2298
1988 12 0.3634
1989 01 0.2174
1989 02 0.3075
1989 03 0.3380
1989 04 0.2919
1989 05 0.2803
1989 06 0.2755
1989 07 0.3034
1989 08 0.3031
1989 09 0.3039
1989 10 0.3056
1989 11 0.2553
1989 12 0.4006
1990 01 0.3655
1990 02 0.4086
1990 03 0.7354
1990 04 0.4938
1990 05 0.4295
1990 06 0.4122
1990 07 0.3453
1990 08 0.3486
1990 09 0.3160
1990 10 0.4284
1990 11 0.4792
1990 12 0.4480
1991 01 0.4533
1991 02 0.4681
1991 03 0.3682
1991 04 0.5176
1991 05 0.4116
1991 06 0.4806
1991 07 0.4432
1991 08 0.3848
1991 09 0.3846
1991 10 0.3296
1991 11 0.3175
1991 12 0.3043
1992 01 0.4719
1992 02 0.4489
1992 03 0.4354
1992 04 0.2923
1992 05 0.3267
1992 06 0.2813
1992 07 0.1348
1992 08 0.1379
1992 09 0.0625
1992 10 0.1150
1992 11 0.0917
1992 12 0.2845
1993 01 0.3857
1993 02 0.3972
1993 03 0.4230
1993 04 0.3171
1993 05 0.3443
1993 06 0.2915
1993 07 0.2330
1993 08 0.2109
1993 09 0.1697
1993 10 0.2428
1993 11 0.0956
1993 12 0.3179
1994 01 0.2914
1994 02 0.0806
1994 03 0.3557
1994 04 0.3585
1994 05 0.3826
1994 06 0.3833
1994 07 0.3123
1994 08 0.3084
1994 09 0.3294
1994 10 0.4274
1994 11 0.4538
1994 12 0.4035
1995 01 0.5508
1995 02 0.6899
1995 03 0.4666
1995 04 0.4098
1995 05 0.3542
1995 06 0.4661
1995 07 0.4272
1995 08 0.5036
1995 09 0.3856
1995 10 0.4381
1995 11 0.4545
1995 12 0.3473
1996 01 0.2638
1996 02 0.4579
1996 03 0.3260
1996 04 0.2738
1996 05 0.3880
1996 06 0.3522
1996 07 0.3230
1996 08 0.3180
1996 09 0.2649
1996 10 0.2272
1996 11 0.2819
1996 12 0.3883
1997 01 0.3767
1997 02 0.4297
1997 03 0.4633
1997 04 0.4531
1997 05 0.4209
1997 06 0.5299
1997 07 0.5078
1997 08 0.5427
1997 09 0.6227
1997 10 0.6441
1997 11 0.5849
1997 12 0.6270
1998 01 0.6038
1998 02 0.8638
1998 03 0.6373
1998 04 0.7322
1998 05 0.6650
1998 06 0.6633
1998 07 0.7322
1998 08 0.6804
1998 09 0.5239
1998 10 0.4942
1998 11 0.4091
1998 12 0.5803
1999 01 0.5015
1999 02 0.6728
1999 03 0.3721
1999 04 0.4583
1999 05 0.4094
1999 06 0.4191
1999 07 0.4017
1999 08 0.3676
1999 09 0.3976
1999 10 0.3742
1999 11 0.3673
1999 12 0.5781
2000 01 0.3445
2000 02 0.5424
2000 03 0.5546
2000 04 0.6294
2000 05 0.4679
2000 06 0.4048
2000 07 0.3939
2000 08 0.4559
2000 09 0.4345
2000 10 0.3018
2000 11 0.2574
2000 12 0.3194
2001 01 0.4744
2001 02 0.3950
2001 03 0.6304
2001 04 0.5658
2001 05 0.5997
2001 06 0.5340
2001 07 0.5576
2001 08 0.6015
2001 09 0.5037
2001 10 0.4967
2001 11 0.6834
2001 12 0.5088
2002 01 0.7019
2002 02 0.7845
2002 03 0.7900
2002 04 0.5717
2002 05 0.5633
2002 06 0.5878
2002 07 0.6229
2002 08 0.5380
2002 09 0.5674
2002 10 0.4775
2002 11 0.5897
2002 12 0.4359
2003 01 0.6911
2003 02 0.5627
2003 03 0.5676
2003 04 0.5611
2003 05 0.5964
2003 06 0.5387
2003 07 0.5432
2003 08 0.6207
2003 09 0.6415
2003 10 0.7286
2003 11 0.5781
2003 12 0.7368
2004 01 0.5979
2004 02 0.7237
2004 03 0.7011
2004 04 0.5954
2004 05 0.4468
2004 06 0.4692
2004 07 0.4819
2004 08 0.5151
2004 09 0.5313
2004 10 0.6182
2004 11 0.7595
2004 12 0.5104
2005 01 0.6256
2005 02 0.5187
2005 03 0.6939
2005 04 0.7327
2005 05 0.6586
2005 06 0.6713
2005 07 0.6590
2005 08 0.6265
2005 09 0.6898
2005 10 0.6933
2005 11 0.7281
2005 12 0.6208
2006 01 0.4656
2006 02 0.6227
2006 03 0.5959
2006 04 0.5200
2006 05 0.5515
2006 06 0.6354
2006 07 0.6187
2006 08 0.6224
2006 09 0.6305
2006 10 0.6789
2006 11 0.6405
2006 12 0.7646
2007 01 0.8824
2007 02 0.6629
2007 03 0.6681
2007 04 0.7333
2007 05 0.6087
2007 06 0.5366
2007 07 0.5278
2007 08 0.5496
2007 09 0.5772
2007 10 0.5644
2007 11 0.5154
2007 12 0.4862
2008 01 0.2728
2008 02 0.3751
2008 03 0.7596
2008 04 0.4816
2008 05 0.4992
2008 06 0.5284
2008 07 0.5750
2008 08 0.5570
2008 09 0.5294
2008 10 0.6677
2008 11 0.6669
2008 12 0.5623
2009 01 0.5916
2009 02 0.5645
2009 03 0.5770
2009 04 0.6504
2009 05 0.5858
2009 06 0.6705
2009 07 0.6403
2009 08 0.6961
2009 09 0.7066
2009 10 0.6399
2009 11 0.6681
2009 12 0.6124
2010 01 0.7000
2010 02 0.7119
2010 03 0.8478
2010 04 0.8281
2010 05 0.7581
2010 06 0.7320
2010 07 0.7271
2010 08 0.6555
2010 09 0.5697
2010 10 0.6224
2010 11 0.7676
2010 12 0.4849
2011 01 0.4674
2011 02 0.4931
2011 03 0.5889
2011 04 0.6500
2011 05 0.5739
2011 06 0.6407
2011 07 0.6246
2011 08 0.6127
2011 09 0.5965
2011 10 0.6344
2011 11 0.4837
2011 12 0.5440
2012 01 0.4197
2012 02 0.4231
2012 03 0.5216
2012 04 0.7292
2012 05 0.7175
2012 06 0.6992
2012 07 0.6826
2012 08 0.6660
2012 09 0.7219
2012 10 0.7005
2012 11 0.7047
2012 12 0.4593
2013 01 0.5852
2013 02 0.6361
2013 03 0.6108
2013 04 0.5615
2013 05 0.7137
2013 06 0.6823
2013 07 0.6677
2013 08 0.6633
2013 09 0.6828
2013 10 0.6751
2013 11 0.8247
2013 12 0.6957
2014 01 0.6926
2014 02 0.4810
2014 03 0.7707
2014 04 0.8001
2014 05 0.7917
2014 06 0.7582
2014 07 0.6952
2014 08 0.7960
2014 09 0.7865
2014 10 0.7839
2014 11 0.6873
2014 12 0.8328
2015 01 0.8152
2015 02 0.8835
2015 03 0.8953
2015 04 0.7746
2015 05 0.8552
2015 06 0.8780
2015 07 0.8036
2015 08 0.8720
2015 09 0.9209
2015 10 0.9904
2015 11 0.9634
2015 12 1.1212
2016 01 1.0497
2016 02 1.1951
2016 03 1.2318
2016 04 1.0759
2016 05 0.8777
2016 06 0.8957
2016 07 0.8638
2016 08 0.9150
