Glob al Land and Ocean Temperature Anomalies
Unit s: Degrees Celsius
Base  P riod: 1901-2000
Year ,V lue
1880 01 -0.0051
1880 02 -0.1321
1880 03 -0.1427
1880 04 -0.0549
1880 05 -0.0832
1880 06 -0.1773
1880 07 -0.1588
1880 08 -0.0797
1880 09 -0.0889
1880 10 -0.1876
1880 11 -0.2755
1880 12 -0.0862
1881 01 -0.0274
1881 02 -0.0365
1881 03 0.0279
1881 04 0.0647
1881 05 0.0180
1881 06 -0.0998
1881 07 -0.0415
1881 08 -0.0575
1881 09 -0.1897
1881 10 -0.2310
1881 11 -0.2290
1881 12 -0.0531
1882 01 0.0808
1882 02 0.0297
1882 03 0.0672
1882 04 -0.1323
1882 05 -0.1540
1882 06 -0.1484
1882 07 -0.0766
1882 08 -0.0133
1882 09 -0.0021
1882 10 -0.2199
1882 11 -0.1382
1882 12 -0.1797
1883 01 -0.2778
1883 02 -0.3011
1883 03 -0.1462
1883 04 -0.1855
1883 05 -0.1515
1883 06 -0.0146
1883 07 -0.0930
1883 08 -0.0564
1883 09 -0.1532
1883 10 -0.1701
1883 11 -0.1779
1883 12 -0.0823
1884 01 -0.1935
1884 02 -0.1530
1884 03 -0.2146
1884 04 -0.1901
1884 05 -0.1360
1884 06 -0.2022
1884 07 -0.3084
1884 08 -0.2783
1884 09 -0.2333
1884 10 -0.1795
1884 11 -0.2778
1884 12 -0.1539
1885 01 -0.4339
1885 02 -0.2637
1885 03 -0.1531
1885 04 -0.2621
1885 05 -0.2857
1885 06 -0.3121
1885 07 -0.2448
1885 08 -0.2467
1885 09 -0.2029
1885 10 -0.1344
1885 11 -0.1328
1885 12 0.0437
1886 01 -0.1218
1886 02 -0.2869
1886 03 -0.2894
1886 04 -0.1748
1886 05 -0.1633
1886 06 -0.2525
1886 07 -0.1664
1886 08 -0.2192
1886 09 -0.2035
1886 10 -0.2334
1886 11 -0.2025
1886 12 -0.1703
1887 01 -0.3890
1887 02 -0.3800
1887 03 -0.1698
1887 04 -0.1954
1887 05 -0.2414
1887 06 -0.2206
1887 07 -0.2743
1887 08 -0.3188
1887 09 -0.1847
1887 10 -0.3035
1887 11 -0.1610
1887 12 -0.2030
1888 01 -0.3951
1888 02 -0.3384
1888 03 -0.3060
1888 04 -0.1843
1888 05 -0.1617
1888 06 -0.1005
1888 07 -0.1223
1888 08 -0.1681
1888 09 -0.0761
1888 10 0.0094
1888 11 -0.0493
1888 12 0.0353
1889 01 -0.1013
1889 02 0.0082
1889 03 0.1152
1889 04 0.0421
1889 05 -0.0375
1889 06 -0.0754
1889 07 -0.1662
1889 08 -0.1414
1889 09 -0.2311
1889 10 -0.1961
1889 11 -0.2813
1889 12 -0.1793
1890 01 -0.3633
1890 02 -0.4300
1890 03 -0.3209
1890 04 -0.2606
1890 05 -0.3893
1890 06 -0.2884
1890 07 -0.2817
1890 08 -0.3268
1890 09 -0.3542
1890 10 -0.2967
1890 11 -0.3435
1890 12 -0.2320
1891 01 -0.3830
1891 02 -0.5288
1891 03 -0.2142
1891 04 -0.2521
1891 05 -0.1386
1891 06 -0.2060
1891 07 -0.2265
1891 08 -0.2274
1891 09 -0.1557
1891 10 -0.2895
1891 11 -0.3963
1891 12 -0.0453
1892 01 -0.2392
1892 02 -0.1353
1892 03 -0.3043
1892 04 -0.3206
1892 05 -0.3043
1892 06 -0.2861
1892 07 -0.3527
1892 08 -0.3282
1892 09 -0.2237
1892 10 -0.2496
1892 11 -0.4745
1892 12 -0.4751
1893 01 -0.6757
1893 02 -0.6130
1893 03 -0.2226
1893 04 -0.3543
1893 05 -0.3425
1893 06 -0.2412
1893 07 -0.1996
1893 08 -0.3280
1893 09 -0.2603
1893 10 -0.2098
1893 11 -0.1637
1893 12 -0.2503
1894 01 -0.4360
1894 02 -0.2217
1894 03 -0.2038
1894 04 -0.3000
1894 05 -0.3011
1894 06 -0.3489
1894 07 -0.2741
1894 08 -0.2727
1894 09 -0.2531
1894 10 -0.2155
1894 11 -0.2974
1894 12 -0.2381
1895 01 -0.4382
1895 02 -0.4126
1895 03 -0.2818
1895 04 -0.1809
1895 05 -0.2059
1895 06 -0.2929
1895 07 -0.1994
1895 08 -0.2222
1895 09 -0.1292
1895 10 -0.1291
1895 11 -0.1597
1895 12 -0.0684
1896 01 -0.1042
1896 02 -0.0779
1896 03 -0.2056
1896 04 -0.2620
1896 05 -0.0995
1896 06 -0.0900
1896 07 -0.0492
1896 08 -0.0670
1896 09 -0.0671
1896 10 -0.0078
1896 11 -0.1644
1896 12 0.0530
1897 01 -0.1873
1897 02 -0.1123
1897 03 -0.1884
1897 04 -0.0036
1897 05 -0.0220
1897 06 -0.0996
1897 07 -0.0401
1897 08 -0.0734
1897 09 -0.0244
1897 10 -0.1614
1897 11 -0.2616
1897 12 -0.2962
1898 01 -0.0368
1898 02 -0.2773
1898 03 -0.6557
1898 04 -0.3520
1898 05 -0.3110
1898 06 -0.2108
1898 07 -0.2411
1898 08 -0.2294
1898 09 -0.2062
1898 10 -0.3231
1898 11 -0.2491
1898 12 -0.0072
1899 01 -0.1005
1899 02 -0.2827
1899 03 -0.2540
1899 04 -0.1964
1899 05 -0.1371
1899 06 -0.1977
1899 07 -0.1307
1899 08 -0.0637
1899 09 -0.0540
1899 10 -0.0290
1899 11 0.1396
1899 12 -0.1661
1900 01 -0.2384
1900 02 -0.0917
1900 03 -0.0389
1900 04 -0.0928
1900 05 -0.0362
1900 06 -0.0477
1900 07 -0.0732
1900 08 -0.0685
1900 09 -0.0624
1900 10 0.0471
1900 11 -0.1372
1900 12 0.0314
1901 01 -0.1238
1901 02 -0.0781
1901 03 -0.0354
1901 04 -0.0676
1901 05 -0.1267
1901 06 -0.1289
1901 07 -0.1554
1901 08 -0.1311
1901 09 -0.2066
1901 10 -0.2799
1901 11 -0.1405
1901 12 -0.2381
1902 01 -0.0902
1902 02 -0.0388
1902 03 -0.2010
1902 04 -0.2713
1902 05 -0.2663
1902 06 -0.3378
1902 07 -0.2889
1902 08 -0.2692
1902 09 -0.2359
1902 10 -0.2835
1902 11 -0.3433
1902 12 -0.3672
1903 01 -0.2118
1903 02 -0.0860
1903 03 -0.2789
1903 04 -0.3529
1903 05 -0.3927
1903 06 -0.3777
1903 07 -0.3403
1903 08 -0.4339
1903 09 -0.3767
1903 10 -0.4343
1903 11 -0.3950
1903 12 -0.3854
1904 01 -0.5426
1904 02 -0.4682
1904 03 -0.5135
1904 04 -0.4712
1904 05 -0.4298
1904 06 -0.4438
1904 07 -0.4591
1904 08 -0.4330
1904 09 -0.4656
1904 10 -0.4091
1904 11 -0.1710
1904 12 -0.2412
1905 01 -0.3558
1905 02 -0.6175
1905 03 -0.3966
1905 04 -0.4528
1905 05 -0.2912
1905 06 -0.2539
1905 07 -0.1952
1905 08 -0.2266
1905 09 -0.2261
1905 10 -0.3003
1905 11 -0.0945
1905 12 -0.1347
1906 01 -0.1748
1906 02 -0.2363
1906 03 -0.1512
1906 04 -0.0524
1906 05 -0.2199
1906 06 -0.1795
1906 07 -0.2498
1906 08 -0.2368
1906 09 -0.3084
1906 10 -0.2842
1906 11 -0.3715
1906 12 -0.1665
1907 01 -0.3470
1907 02 -0.4047
1907 03 -0.2791
1907 04 -0.3513
1907 05 -0.4703
1907 06 -0.3772
1907 07 -0.3590
1907 08 -0.3394
1907 09 -0.3445
1907 10 -0.3060
1907 11 -0.5083
1907 12 -0.3955
1908 01 -0.3638
1908 02 -0.3777
1908 03 -0.6093
1908 04 -0.4861
1908 05 -0.4033
1908 06 -0.4093
1908 07 -0.3941
1908 08 -0.4827
1908 09 -0.4007
1908 10 -0.5218
1908 11 -0.4863
1908 12 -0.3858
1909 01 -0.5524
1909 02 -0.4599
1909 03 -0.5402
1909 04 -0.5292
1909 05 -0.4536
1909 06 -0.4172
1909 07 -0.4378
1909 08 -0.3077
1909 09 -0.3640
1909 10 -0.3968
1909 11 -0.2751
1909 12 -0.4104
1910 01 -0.3063
1910 02 -0.3614
1910 03 -0.4238
1910 04 -0.3405
1910 05 -0.3039
1910 06 -0.3565
1910 07 -0.3297
1910 08 -0.3360
1910 09 -0.3373
1910 10 -0.4249
1910 11 -0.4989
1910 12 -0.5648
1911 01 -0.5107
1911 02 -0.5293
1911 03 -0.5706
1911 04 -0.5135
1911 05 -0.4795
1911 06 -0.4474
1911 07 -0.4660
1911 08 -0.4559
1911 09 -0.4015
1911 10 -0.3470
1911 11 -0.2595
1911 12 -0.2458
1912 01 -0.2786
1912 02 -0.1113
1912 03 -0.3133
1912 04 -0.2031
1912 05 -0.2256
1912 06 -0.2594
1912 07 -0.3157
1912 08 -0.4531
1912 09 -0.5074
1912 10 -0.5206
1912 11 -0.4133
1912 12 -0.3577
1913 01 -0.3547
1913 02 -0.3909
1913 03 -0.4076
1913 04 -0.3515
1913 05 -0.3940
1913 06 -0.3811
1913 07 -0.3550
1913 08 -0.3310
1913 09 -0.3578
1913 10 -0.3146
1913 11 -0.1395
1913 12 -0.0401
1914 01 0.0951
1914 02 -0.1190
1914 03 -0.1632
1914 04 -0.2479
1914 05 -0.1674
1914 06 -0.1969
1914 07 -0.2104
1914 08 -0.1751
1914 09 -0.1795
1914 10 -0.0961
1914 11 -0.1226
1914 12 -0.0990
1915 01 -0.1357
1915 02 -0.0108
1915 03 -0.1047
1915 04 0.0230
1915 05 -0.0696
1915 06 -0.0855
1915 07 -0.0282
1915 08 -0.0761
1915 09 -0.1110
1915 10 -0.1721
1915 11 -0.0109
1915 12 -0.0495
1916 01 -0.1763
1916 02 -0.1727
1916 03 -0.2951
1916 04 -0.1950
1916 05 -0.2233
1916 06 -0.3813
1916 07 -0.2877
1916 08 -0.2754
1916 09 -0.2587
1916 10 -0.2628
1916 11 -0.3922
1916 12 -0.5725
1917 01 -0.4280
1917 02 -0.4692
1917 03 -0.4232
1917 04 -0.3110
1917 05 -0.4456
1917 06 -0.3376
1917 07 -0.1679
1917 08 -0.1695
1917 09 -0.0600
1917 10 -0.2576
1917 11 -0.1295
1917 12 -0.5317
1918 01 -0.2134
1918 02 -0.2833
1918 03 -0.1723
1918 04 -0.2937
1918 05 -0.2777
1918 06 -0.1805
1918 07 -0.1994
1918 08 -0.1732
1918 09 -0.1464
1918 10 -0.0972
1918 11 -0.1119
1918 12 -0.3174
1919 01 -0.2388
1919 02 -0.0528
1919 03 -0.2350
1919 04 -0.0665
1919 05 -0.1825
1919 06 -0.2324
1919 07 -0.2132
1919 08 -0.2093
1919 09 -0.1814
1919 10 -0.2178
1919 11 -0.3150
1919 12 -0.2945
1920 01 -0.1138
1920 02 -0.2192
1920 03 -0.0553
1920 04 -0.2081
1920 05 -0.1663
1920 06 -0.2529
1920 07 -0.2416
1920 08 -0.2292
1920 09 -0.1734
1920 10 -0.2063
1920 11 -0.2459
1920 12 -0.3847
1921 01 -0.0563
1921 02 -0.1454
1921 03 -0.2127
1921 04 -0.2021
1921 05 -0.1872
1921 06 -0.1616
1921 07 -0.1102
1921 08 -0.1905
1921 09 -0.1457
1921 10 -0.0647
1921 11 -0.1846
1921 12 -0.0798
1922 01 -0.3188
1922 02 -0.2913
1922 03 -0.0757
1922 04 -0.1268
1922 05 -0.2624
1922 06 -0.2788
1922 07 -0.2588
1922 08 -0.2767
1922 09 -0.2492
1922 10 -0.2471
1922 11 -0.1920
1922 12 -0.1546
1923 01 -0.2105
1923 02 -0.3755
1923 03 -0.2684
1923 04 -0.3322
1923 05 -0.2455
1923 06 -0.1916
1923 07 -0.2778
1923 08 -0.2793
1923 09 -0.2426
1923 10 -0.1592
1923 11 0.0328
1923 12 0.0039
1924 01 -0.2491
1924 02 -0.1825
1924 03 -0.1108
1924 04 -0.2433
1924 05 -0.1995
1924 06 -0.2235
1924 07 -0.2168
1924 08 -0.2854
1924 09 -0.2805
1924 10 -0.2854
1924 11 -0.2913
1924 12 -0.3882
1925 01 -0.3215
1925 02 -0.2747
1925 03 -0.1653
1925 04 -0.1583
1925 05 -0.2056
1925 06 -0.2221
1925 07 -0.2048
1925 08 -0.1327
1925 09 -0.0984
1925 10 -0.1203
1925 11 0.0604
1925 12 0.1128
1926 01 0.1717
1926 02 0.0876
1926 03 0.0823
1926 04 -0.1266
1926 05 -0.1257
1926 06 -0.1155
1926 07 -0.1528
1926 08 -0.0841
1926 09 -0.0972
1926 10 -0.0768
1926 11 -0.0720
1926 12 -0.2102
1927 01 -0.1668
1927 02 -0.1856
1927 03 -0.2507
1927 04 -0.2113
1927 05 -0.2217
1927 06 -0.1952
1927 07 -0.0963
1927 08 -0.1074
1927 09 -0.0219
1927 10 0.0211
1927 11 -0.0355
1927 12 -0.3062
1928 01 -0.0675
1928 02 -0.1301
1928 03 -0.2569
1928 04 -0.2387
1928 05 -0.1806
1928 06 -0.2731
1928 07 -0.1720
1928 08 -0.1960
1928 09 -0.1852
1928 10 -0.1205
1928 11 -0.0646
1928 12 -0.1659
1929 01 -0.4803
1929 02 -0.5405
1929 03 -0.2607
1929 04 -0.2955
1929 05 -0.2869
1929 06 -0.2717
1929 07 -0.2709
1929 08 -0.2073
1929 09 -0.2083
1929 10 -0.1161
1929 11 -0.0950
1929 12 -0.5077
1930 01 -0.3184
1930 02 -0.1959
1930 03 -0.0487
1930 04 -0.1910
1930 05 -0.1940
1930 06 -0.1090
1930 07 -0.0605
1930 08 -0.0830
1930 09 -0.1012
1930 10 0.0047
1930 11 0.1432
1930 12 0.0113
1931 01 -0.0484
1931 02 -0.2188
1931 03 -0.0038
1931 04 -0.1618
1931 05 -0.1506
1931 06 -0.0189
1931 07 -0.0165
1931 08 -0.0118
1931 09 -0.0076
1931 10 0.0106
1931 11 -0.1127
1931 12 -0.1058
1932 01 0.1563
1932 02 -0.1767
1932 03 -0.1815
1932 04 -0.0385
1932 05 -0.1690
1932 06 -0.1615
1932 07 -0.1076
1932 08 -0.1773
1932 09 -0.0736
1932 10 -0.0900
1932 11 -0.1958
1932 12 -0.1844
1933 01 -0.3074
1933 02 -0.3146
1933 03 -0.2467
1933 04 -0.2034
1933 05 -0.2098
1933 06 -0.1990
1933 07 -0.1802
1933 08 -0.1874
1933 09 -0.2200
1933 10 -0.1874
1933 11 -0.2552
1933 12 -0.4072
1934 01 -0.3128
1934 02 -0.0245
1934 03 -0.2586
1934 04 -0.2341
1934 05 -0.0458
1934 06 -0.0041
1934 07 -0.0905
1934 08 -0.0541
1934 09 -0.1223
1934 10 -0.0685
1934 11 0.0069
1934 12 -0.0240
1935 01 -0.2898
1935 02 0.1661
1935 03 -0.1480
1935 04 -0.2563
1935 05 -0.2032
1935 06 -0.1681
1935 07 -0.1125
1935 08 -0.0970
1935 09 -0.0882
1935 10 -0.0100
1935 11 -0.2657
1935 12 -0.1734
1936 01 -0.2522
1936 02 -0.3111
1936 03 -0.2076
1936 04 -0.1765
1936 05 -0.1156
1936 06 -0.1051
1936 07 -0.0110
1936 08 -0.0528
1936 09 -0.0375
1936 10 -0.0208
1936 11 -0.0246
1936 12 -0.0152
1937 01 -0.1676
1937 02 0.0395
1937 03 -0.1815
1937 04 -0.1248
1937 05 -0.0172
1937 06 0.0137
1937 07 0.0010
1937 08 0.0937
1937 09 0.1321
1937 10 0.1139
1937 11 0.0112
1937 12 -0.0884
1938 01 -0.0371
1938 02 -0.0539
1938 03 0.0317
1938 04 0.0440
1938 05 -0.0192
1938 06 -0.0921
1938 07 -0.0500
1938 08 -0.0131
1938 09 0.0317
1938 10 0.0741
1938 11 0.0054
1938 12 -0.2530
1939 01 -0.1656
1939 02 -0.1118
1939 03 -0.1877
1939 04 -0.1302
1939 05 -0.0365
1939 06 -0.0077
1939 07 0.0063
1939 08 0.0571
1939 09 0.0136
1939 10 -0.0400
1939 11 0.0490
1939 12 0.4099
1940 01 -0.1203
1940 02 0.0538
1940 03 0.0713
1940 04 0.1304
1940 05 0.0563
1940 06 0.1067
1940 07 0.1475
1940 08 0.0937
1940 09 0.1508
1940 10 0.1022
1940 11 0.1047
1940 12 0.2715
1941 01 0.1812
1941 02 0.2293
1941 03 0.1052
1941 04 0.2248
1941 05 0.2469
1941 06 0.1630
1941 07 0.2069
1941 08 0.1764
1941 09 0.0893
1941 10 0.3143
1941 11 0.2232
1941 12 0.2133
1942 01 0.2989
1942 02 0.0979
1942 03 0.1788
1942 04 0.1901
1942 05 0.1675
1942 06 0.2104
1942 07 0.0797
1942 08 0.0455
1942 09 0.1189
1942 10 0.1501
1942 11 0.1674
1942 12 0.1534
1943 01 -0.0224
1943 02 0.1697
1943 03 0.0772
1943 04 0.1720
1943 05 0.1331
1943 06 0.0216
1943 07 0.1844
1943 08 0.1015
1943 09 0.1468
1943 10 0.3155
1943 11 0.2497
1943 12 0.3600
1944 01 0.4250
1944 02 0.3061
1944 03 0.3710
1944 04 0.2697
1944 05 0.2696
1944 06 0.3378
1944 07 0.3189
1944 08 0.2845
1944 09 0.3906
1944 10 0.3267
1944 11 0.1552
1944 12 0.1015
1945 01 0.1580
1945 02 0.0179
1945 03 0.1075
1945 04 0.2767
1945 05 0.1775
1945 06 0.1403
1945 07 0.1675
1945 08 0.3562
1945 09 0.2600
1945 10 0.2585
1945 11 0.1957
1945 12 -0.0445
1946 01 0.2244
1946 02 0.0894
1946 03 0.0012
1946 04 0.1775
1946 05 -0.0291
1946 06 -0.0994
1946 07 -0.0339
1946 08 -0.0661
1946 09 -0.0141
1946 10 -0.0051
1946 11 -0.0099
1946 12 -0.2619
1947 01 -0.1813
1947 02 -0.0778
1947 03 -0.0068
1947 04 0.0169
1947 05 -0.0165
1947 06 0.0213
1947 07 -0.0128
1947 08 -0.0606
1947 09 -0.1288
1947 10 0.0557
1947 11 -0.0234
1947 12 -0.1453
1948 01 0.0509
1948 02 -0.0961
1948 03 -0.1908
1948 04 -0.0662
1948 05 0.1455
1948 06 -0.0144
1948 07 -0.0622
1948 08 -0.0249
1948 09 -0.1011
1948 10 -0.0646
1948 11 -0.0587
1948 12 -0.1128
1949 01 0.1211
1949 02 -0.1487
1949 03 -0.0736
1949 04 0.0069
1949 05 -0.0055
1949 06 -0.1480
1949 07 -0.0757
1949 08 -0.0210
1949 09 -0.0681
1949 10 -0.0294
1949 11 -0.0547
1949 12 -0.1834
1950 01 -0.2785
1950 02 -0.2402
1950 03 -0.0878
1950 04 -0.1713
1950 05 -0.0541
1950 06 -0.0558
1950 07 -0.1047
1950 08 -0.1395
1950 09 -0.1038
1950 10 -0.1664
1950 11 -0.3623
1950 12 -0.1811
1951 01 -0.2901
1951 02 -0.4098
1951 03 -0.1674
1951 04 -0.0867
1951 05 0.0575
1951 06 0.0378
1951 07 0.1109
1951 08 0.1144
1951 09 0.1336
1951 10 0.1086
1951 11 0.0257
1951 12 0.2150
1952 01 0.1530
1952 02 0.0910
1952 03 -0.0472
1952 04 0.0668
1952 05 0.0352
1952 06 0.0416
1952 07 0.0743
1952 08 0.0670
1952 09 0.0677
1952 10 -0.0356
1952 11 -0.1959
1952 12 -0.0066
1953 01 0.1031
1953 02 0.1531
1953 03 0.1550
1953 04 0.1873
1953 05 0.1442
1953 06 0.1243
1953 07 0.0670
1953 08 0.0817
1953 09 0.0643
1953 10 0.0727
1953 11 -0.0607
1953 12 0.0559
1954 01 -0.2361
1954 02 -0.0876
1954 03 -0.0912
1954 04 -0.1763
1954 05 -0.2009
1954 06 -0.1151
1954 07 -0.1222
1954 08 -0.0885
1954 09 -0.0574
1954 10 -0.0686
1954 11 0.0409
1954 12 -0.1841
1955 01 0.0891
1955 02 -0.1308
1955 03 -0.3081
1955 04 -0.2379
1955 05 -0.1268
1955 06 -0.0689
1955 07 -0.0877
1955 08 -0.0252
1955 09 -0.0907
1955 10 -0.1228
1955 11 -0.2376
1955 12 -0.2695
1956 01 -0.1763
1956 02 -0.2731
1956 03 -0.1985
1956 04 -0.2851
1956 05 -0.2272
1956 06 -0.1437
1956 07 -0.1351
1956 08 -0.1861
1956 09 -0.2515
1956 10 -0.1986
1956 11 -0.1548
1956 12 -0.1521
1957 01 -0.1182
1957 02 -0.1112
1957 03 -0.0669
1957 04 -0.0195
1957 05 0.1097
1957 06 0.1580
1957 07 0.0598
1957 08 0.1309
1957 09 0.0755
1957 10 0.0149
1957 11 0.1288
1957 12 0.2301
1958 01 0.2963
1958 02 0.2100
1958 03 0.1186
1958 04 0.1135
1958 05 0.1030
1958 06 0.0639
1958 07 0.0636
1958 08 0.0539
1958 09 0.0190
1958 10 0.0412
1958 11 0.0911
1958 12 0.1460
1959 01 0.1252
1959 02 0.0659
1959 03 0.2027
1959 04 0.1180
1959 05 0.0267
1959 06 0.0848
1959 07 0.0679
1959 08 0.0531
1959 09 0.0971
1959 10 -0.0133
1959 11 -0.0804
1959 12 -0.0351
1960 01 0.0026
1960 02 0.1886
1960 03 -0.2050
1960 04 -0.0959
1960 05 -0.0832
1960 06 0.0775
1960 07 0.0349
1960 08 0.0480
1960 09 0.0649
1960 10 0.0393
1960 11 -0.0454
1960 12 0.2288
1961 01 0.1195
1961 02 0.1771
1961 03 0.1654
1961 04 0.1338
1961 05 0.1621
1961 06 0.1475
1961 07 0.0350
1961 08 0.0334
1961 09 -0.0024
1961 10 -0.0341
1961 11 0.0163
1961 12 -0.0166
1962 01 0.1348
1962 02 0.1707
1962 03 0.1210
1962 04 0.0772
1962 05 0.0605
1962 06 0.0594
1962 07 0.0912
1962 08 0.0575
1962 09 0.0625
1962 10 0.0806
1962 11 0.0755
1962 12 0.0889
1963 01 0.0390
1963 02 0.2577
1963 03 -0.0197
1963 04 -0.0024
1963 05 0.0147
1963 06 0.0526
1963 07 0.1401
1963 08 0.1603
1963 09 0.1657
1963 10 0.2162
1963 11 0.1957
1963 12 0.0823
1964 01 0.0502
1964 02 -0.1045
1964 03 -0.1409
1964 04 -0.1824
1964 05 -0.0965
1964 06 -0.0918
1964 07 -0.1099
1964 08 -0.1648
1964 09 -0.2071
1964 10 -0.2648
1964 11 -0.2003
1964 12 -0.2632
1965 01 -0.0692
1965 02 -0.1961
1965 03 -0.0989
1965 04 -0.1863
1965 05 -0.0771
1965 06 -0.0420
1965 07 -0.0833
1965 08 -0.0450
1965 09 -0.0490
1965 10 0.0247
1965 11 -0.0896
1965 12 -0.0124
1966 01 -0.0458
1966 02 -0.0379
1966 03 -0.0023
1966 04 -0.0897
1966 05 -0.0345
1966 06 0.0598
1966 07 0.0672
1966 08 0.0203
1966 09 0.0269
1966 10 -0.0588
1966 11 -0.0461
1966 12 -0.1238
1967 01 -0.1071
1967 02 -0.1665
1967 03 0.0028
1967 04 0.0062
1967 05 0.1244
1967 06 -0.0311
1967 07 -0.0184
1967 08 -0.0051
1967 09 -0.0315
1967 10 0.1286
1967 11 -0.0214
1967 12 -0.0424
1968 01 -0.1881
1968 02 -0.1288
1968 03 0.1486
1968 04 -0.0715
1968 05 -0.0809
1968 06 -0.0164
1968 07 -0.0222
1968 08 -0.0156
1968 09 -0.0116
1968 10 0.0466
1968 11 0.0147
1968 12 -0.0439
1969 01 -0.1305
1969 02 -0.1058
1969 03 0.1198
1969 04 0.1927
1969 05 0.1743
1969 06 0.0754
1969 07 0.0915
1969 08 0.0959
1969 09 0.0844
1969 10 0.0708
1969 11 0.1899
1969 12 0.2466
1970 01 0.1211
1970 02 0.2354
1970 03 0.0322
1970 04 0.1303
1970 05 0.0418
1970 06 0.0294
1970 07 -0.0228
1970 08 -0.0182
1970 09 0.0090
1970 10 -0.0370
1970 11 0.0230
1970 12 -0.0951
1971 01 -0.0054
1971 02 -0.2161
1971 03 -0.1409
1971 04 -0.1311
1971 05 -0.0899
1971 06 -0.1252
1971 07 -0.0645
1971 08 -0.0686
1971 09 -0.0442
1971 10 -0.0765
1971 11 0.0365
1971 12 -0.0213
1972 01 -0.2422
1972 02 -0.1634
1972 03 0.0017
1972 04 0.0358
1972 05 0.0151
1972 06 0.0769
1972 07 0.0632
1972 08 0.0869
1972 09 0.0205
1972 10 0.0886
1972 11 0.0797
1972 12 0.2519
1973 01 0.2577
1973 02 0.3701
1973 03 0.3310
1973 04 0.2502
1973 05 0.2149
1973 06 0.1964
1973 07 0.1145
1973 08 0.0773
1973 09 0.0556
1973 10 0.0437
1973 11 0.0213
1973 12 0.0265
1974 01 -0.1963
1974 02 -0.2568
1974 03 -0.0515
1974 04 -0.0434
1974 05 -0.0255
1974 06 -0.0387
1974 07 0.0175
1974 08 0.0118
1974 09 -0.0434
1974 10 -0.0836
1974 11 -0.0674
1974 12 -0.0980
1975 01 0.1198
1975 02 0.0311
1975 03 0.1085
1975 04 0.0769
1975 05 0.0685
1975 06 0.0339
1975 07 0.0050
1975 08 -0.0667
1975 09 0.0174
1975 10 -0.1243
1975 11 -0.1454
1975 12 -0.0901
1976 01 -0.0182
1976 02 -0.1228
1976 03 -0.2395
1976 04 -0.0226
1976 05 -0.1224
1976 06 -0.0739
1976 07 -0.0850
1976 08 -0.0889
1976 09 -0.0418
1976 10 -0.1819
1976 11 -0.0423
1976 12 0.0913
1977 01 0.0646
1977 02 0.2386
1977 03 0.3114
1977 04 0.2824
1977 05 0.2375
1977 06 0.2476
1977 07 0.1734
1977 08 0.1424
1977 09 0.1866
1977 10 0.1185
1977 11 0.2601
1977 12 0.1126
1978 01 0.1610
1978 02 0.1300
1978 03 0.2232
1978 04 0.1328
1978 05 0.0590
1978 06 0.0521
1978 07 0.0697
1978 08 0.0029
1978 09 0.0757
1978 10 0.0641
1978 11 0.2246
1978 12 0.1517
1979 01 0.1599
1979 02 0.0925
1979 03 0.2432
1979 04 0.1114
1979 05 0.1573
1979 06 0.2180
1979 07 0.1742
1979 08 0.2253
1979 09 0.2517
1979 10 0.2940
1979 11 0.2946
1979 12 0.5029
1980 01 0.3082
1980 02 0.3498
1980 03 0.2396
1980 04 0.3083
1980 05 0.3159
1980 06 0.2477
1980 07 0.2163
1980 08 0.1954
1980 09 0.2012
1980 10 0.1822
1980 11 0.3320
1980 12 0.2683
1981 01 0.4651
1981 02 0.3616
1981 03 0.4085
1981 04 0.3570
1981 05 0.2609
1981 06 0.2848
1981 07 0.2251
1981 08 0.2411
1981 09 0.1869
1981 10 0.1683
1981 11 0.2142
1981 12 0.4218
1982 01 0.1337
1982 02 0.1579
1982 03 0.0820
1982 04 0.2040
1982 05 0.1910
1982 06 0.1223
1982 07 0.1426
1982 08 0.1403
1982 09 0.2320
1982 10 0.1764
1982 11 0.1502
1982 12 0.4348
1983 01 0.5166
1983 02 0.4825
1983 03 0.4254
1983 04 0.2928
1983 05 0.2889
1983 06 0.2627
1983 07 0.2653
1983 08 0.3226
1983 09 0.3171
1983 10 0.2099
1983 11 0.4300
1983 12 0.2740
1984 01 0.2827
1984 02 0.1741
1984 03 0.2714
1984 04 0.1496
1984 05 0.2836
1984 06 0.1311
1984 07 0.1179
1984 08 0.1670
1984 09 0.1416
1984 10 0.1171
1984 11 0.0356
1984 12 -0.0939
1985 01 0.1775
1985 02 0.0163
1985 03 0.1862
1985 04 0.1482
1985 05 0.1949
1985 06 0.1288
1985 07 0.0766
1985 08 0.1274
1985 09 0.0998
1985 10 0.1285
1985 11 0.1162
1985 12 0.1961
1986 01 0.3233
1986 02 0.2774
1986 03 0.2944
1986 04 0.2592
1986 05 0.2489
1986 06 0.2527
1986 07 0.1657
1986 08 0.1675
1986 09 0.1686
1986 10 0.2043
1986 11 0.1521
1986 12 0.2151
1987 01 0.3102
1987 02 0.5004
1987 03 0.2530
1987 04 0.2984
1987 05 0.3329
1987 06 0.2991
1987 07 0.4162
1987 08 0.3813
1987 09 0.4304
1987 10 0.3323
1987 11 0.3286
1987 12 0.5296
1988 01 0.5471
1988 02 0.3896
1988 03 0.4832
1988 04 0.4416
1988 05 0.3799
1988 06 0.3859
1988 07 0.3408
1988 08 0.3182
1988 09 0.3196
1988 10 0.2983
1988 11 0.2272
1988 12 0.3600
1989 01 0.2137
1989 02 0.3041
1989 03 0.3339
1989 04 0.2870
1989 05 0.2759
1989 06 0.2728
1989 07 0.2995
1989 08 0.2997
1989 09 0.3008
1989 10 0.3010
1989 11 0.2510
1989 12 0.3985
1990 01 0.3598
1990 02 0.4051
1990 03 0.7314
1990 04 0.4898
1990 05 0.4269
1990 06 0.4106
1990 07 0.3429
1990 08 0.3462
1990 09 0.3135
1990 10 0.4261
1990 11 0.4761
1990 12 0.4444
1991 01 0.4487
1991 02 0.4641
1991 03 0.3636
1991 04 0.5135
1991 05 0.4080
1991 06 0.4782
1991 07 0.4422
1991 08 0.3837
1991 09 0.3831
1991 10 0.3241
1991 11 0.3132
1991 12 0.3015
1992 01 0.4696
1992 02 0.4454
1992 03 0.4286
1992 04 0.2887
1992 05 0.3233
1992 06 0.2777
1992 07 0.1309
1992 08 0.1355
1992 09 0.0554
1992 10 0.1107
1992 11 0.0906
1992 12 0.2794
1993 01 0.3808
1993 02 0.3919
1993 03 0.4157
1993 04 0.3112
1993 05 0.3407
1993 06 0.2889
1993 07 0.2289
1993 08 0.2080
1993 09 0.1658
1993 10 0.2390
1993 11 0.0872
1993 12 0.3141
1994 01 0.2858
1994 02 0.0747
1994 03 0.3518
1994 04 0.3539
1994 05 0.3778
1994 06 0.3842
1994 07 0.3110
1994 08 0.3071
1994 09 0.3260
1994 10 0.4230
1994 11 0.4495
1994 12 0.3985
1995 01 0.5449
1995 02 0.6865
1995 03 0.4603
1995 04 0.4065
1995 05 0.3515
1995 06 0.4616
1995 07 0.4273
1995 08 0.5008
1995 09 0.3835
1995 10 0.4334
1995 11 0.4497
1995 12 0.3427
1996 01 0.2601
1996 02 0.4513
1996 03 0.3182
1996 04 0.2678
1996 05 0.3838
1996 06 0.3520
1996 07 0.3188
1996 08 0.3145
1996 09 0.2624
1996 10 0.2233
1996 11 0.2764
1996 12 0.3847
1997 01 0.3698
1997 02 0.4242
1997 03 0.4589
1997 04 0.4498
1997 05 0.4179
1997 06 0.5251
1997 07 0.5038
1997 08 0.5413
1997 09 0.6164
1997 10 0.6424
1997 11 0.5814
1997 12 0.6235
1998 01 0.5998
1998 02 0.8611
1998 03 0.6357
1998 04 0.7302
1998 05 0.6637
1998 06 0.6606
1998 07 0.7305
1998 08 0.6777
1998 09 0.5217
1998 10 0.4921
1998 11 0.4078
1998 12 0.5776
1999 01 0.4965
1999 02 0.6682
1999 03 0.3671
1999 04 0.4542
1999 05 0.4048
1999 06 0.4170
1999 07 0.3997
1999 08 0.3654
1999 09 0.3951
1999 10 0.3735
1999 11 0.3652
1999 12 0.5739
2000 01 0.3414
2000 02 0.5387
2000 03 0.5512
2000 04 0.6264
2000 05 0.4613
2000 06 0.4043
2000 07 0.3888
2000 08 0.4526
2000 09 0.4360
2000 10 0.2986
2000 11 0.2526
2000 12 0.3170
2001 01 0.4681
2001 02 0.3892
2001 03 0.6229
2001 04 0.5605
2001 05 0.5930
2001 06 0.5305
2001 07 0.5517
2001 08 0.5971
2001 09 0.4982
2001 10 0.4946
2001 11 0.6820
2001 12 0.5050
2002 01 0.6944
2002 02 0.7782
2002 03 0.7831
2002 04 0.5667
2002 05 0.5592
2002 06 0.5813
2002 07 0.6170
2002 08 0.5313
2002 09 0.5610
2002 10 0.4731
2002 11 0.5860
2002 12 0.4305
2003 01 0.6850
2003 02 0.5570
2003 03 0.5642
2003 04 0.5547
2003 05 0.5912
2003 06 0.5348
2003 07 0.5373
2003 08 0.6149
2003 09 0.6355
2003 10 0.7216
2003 11 0.5732
2003 12 0.7312
2004 01 0.5935
2004 02 0.7190
2004 03 0.6924
2004 04 0.5899
2004 05 0.4419
2004 06 0.4655
2004 07 0.4724
2004 08 0.5100
2004 09 0.5283
2004 10 0.6137
2004 11 0.7562
2004 12 0.5034
2005 01 0.6153
2005 02 0.5079
2005 03 0.6863
2005 04 0.7266
2005 05 0.6514
2005 06 0.6678
2005 07 0.6500
2005 08 0.6191
2005 09 0.6814
2005 10 0.6867
2005 11 0.7226
2005 12 0.6177
2006 01 0.4545
2006 02 0.6168
2006 03 0.5904
2006 04 0.5128
2006 05 0.5433
2006 06 0.6351
2006 07 0.6170
2006 08 0.6182
2006 09 0.6270
2006 10 0.6729
2006 11 0.6391
2006 12 0.7651
2007 01 0.8787
2007 02 0.6575
2007 03 0.6629
2007 04 0.7285
2007 05 0.6060
2007 06 0.5339
2007 07 0.5253
2007 08 0.5471
2007 09 0.5734
2007 10 0.5612
2007 11 0.5138
2007 12 0.4830
2008 01 0.2693
2008 02 0.3699
2008 03 0.7589
2008 04 0.4769
2008 05 0.4958
2008 06 0.5253
2008 07 0.5736
2008 08 0.5546
2008 09 0.5259
2008 10 0.6622
2008 11 0.6639
2008 12 0.5593
2009 01 0.5878
2009 02 0.5609
2009 03 0.5738
2009 04 0.6472
2009 05 0.5820
2009 06 0.6690
2009 07 0.6380
2009 08 0.6934
2009 09 0.7020
2009 10 0.6359
2009 11 0.6653
2009 12 0.6115
2010 01 0.6925
2010 02 0.7033
2010 03 0.8405
2010 04 0.8235
2010 05 0.7527
2010 06 0.7298
2010 07 0.7227
2010 08 0.6525
2010 09 0.5659
2010 10 0.6207
2010 11 0.7631
2010 12 0.4808
2011 01 0.4629
2011 02 0.4899
2011 03 0.5846
2011 04 0.6473
2011 05 0.5698
2011 06 0.6411
2011 07 0.6216
2011 08 0.6084
2011 09 0.5939
2011 10 0.6285
2011 11 0.4782
2011 12 0.5420
2012 01 0.4173
2012 02 0.4149
2012 03 0.5147
2012 04 0.7269
2012 05 0.7173
2012 06 0.6966
2012 07 0.6828
2012 08 0.6637
2012 09 0.7199
2012 10 0.6942
2012 11 0.7021
2012 12 0.4608
2013 01 0.5831
2013 02 0.6311
2013 03 0.6096
2013 04 0.5555
2013 05 0.7107
2013 06 0.6799
2013 07 0.6623
2013 08 0.6567
2013 09 0.6790
2013 10 0.6722
2013 11 0.8213
2013 12 0.6910
2014 01 0.6864
2014 02 0.4731
2014 03 0.7645
2014 04 0.7946
2014 05 0.7877
2014 06 0.7557
2014 07 0.6892
2014 08 0.7903
2014 09 0.7788
2014 10 0.7770
2014 11 0.6831
2014 12 0.8199
2015 01 0.8087
2015 02 0.8772
2015 03 0.8903
2015 04 0.7688
2015 05 0.8533
2015 06 0.8759
2015 07 0.7999
2015 08 0.8671
2015 09 0.9182
2015 10 0.9830
2015 11 0.9603
2015 12 1.1192
2016 01 1.0473
2016 02 1.1845
2016 03 1.2200
2016 04 1.0665
2016 05 0.8737
2016 06 0.8899
2016 07 0.8647
2016 08 0.8889
2016 09 0.8699
2016 10 0.7165
2016 11 0.7289
