Glob al Land and Ocean Temperature Anomalies
Unit s: Degrees Celsius
Base  P riod: 1901-2000
Year ,V lue
1880 01 -0.0065
1880 02 -0.1265
1880 03 -0.1428
1880 04 -0.0575
1880 05 -0.0831
1880 06 -0.1742
1880 07 -0.1577
1880 08 -0.0819
1880 09 -0.0892
1880 10 -0.1865
1880 11 -0.2726
1880 12 -0.0841
1881 01 -0.0259
1881 02 -0.0338
1881 03 0.0260
1881 04 0.0648
1881 05 0.0187
1881 06 -0.0997
1881 07 -0.0440
1881 08 -0.0611
1881 09 -0.1885
1881 10 -0.2280
1881 11 -0.2282
1881 12 -0.0539
1882 01 0.0809
1882 02 0.0301
1882 03 0.0661
1882 04 -0.1327
1882 05 -0.1568
1882 06 -0.1443
1882 07 -0.0721
1882 08 -0.0145
1882 09 0.0009
1882 10 -0.2155
1882 11 -0.1336
1882 12 -0.1782
1883 01 -0.2735
1883 02 -0.2972
1883 03 -0.1355
1883 04 -0.1778
1883 05 -0.1505
1883 06 -0.0110
1883 07 -0.0888
1883 08 -0.0559
1883 09 -0.1528
1883 10 -0.1681
1883 11 -0.1748
1883 12 -0.0847
1884 01 -0.1939
1884 02 -0.1528
1884 03 -0.2156
1884 04 -0.1897
1884 05 -0.1378
1884 06 -0.2026
1884 07 -0.3079
1884 08 -0.2790
1884 09 -0.2327
1884 10 -0.1806
1884 11 -0.2789
1884 12 -0.1575
1885 01 -0.4364
1885 02 -0.2657
1885 03 -0.1562
1885 04 -0.2638
1885 05 -0.2886
1885 06 -0.3161
1885 07 -0.2476
1885 08 -0.2519
1885 09 -0.2048
1885 10 -0.1359
1885 11 -0.1349
1885 12 0.0404
1886 01 -0.1179
1886 02 -0.2872
1886 03 -0.2883
1886 04 -0.1754
1886 05 -0.1628
1886 06 -0.2512
1886 07 -0.1672
1886 08 -0.2209
1886 09 -0.1992
1886 10 -0.2334
1886 11 -0.2022
1886 12 -0.1676
1887 01 -0.3866
1887 02 -0.3823
1887 03 -0.1676
1887 04 -0.1970
1887 05 -0.2413
1887 06 -0.2205
1887 07 -0.2754
1887 08 -0.3185
1887 09 -0.1870
1887 10 -0.3016
1887 11 -0.1609
1887 12 -0.2018
1888 01 -0.3945
1888 02 -0.3367
1888 03 -0.3049
1888 04 -0.1808
1888 05 -0.1643
1888 06 -0.0998
1888 07 -0.1197
1888 08 -0.1669
1888 09 -0.0729
1888 10 0.0106
1888 11 -0.0489
1888 12 0.0342
1889 01 -0.1017
1889 02 0.0080
1889 03 0.1140
1889 04 0.0430
1889 05 -0.0369
1889 06 -0.0794
1889 07 -0.1674
1889 08 -0.1454
1889 09 -0.2308
1889 10 -0.1987
1889 11 -0.2823
1889 12 -0.1840
1890 01 -0.3657
1890 02 -0.4325
1890 03 -0.3227
1890 04 -0.2610
1890 05 -0.3917
1890 06 -0.2908
1890 07 -0.2829
1890 08 -0.3283
1890 09 -0.3553
1890 10 -0.2969
1890 11 -0.3441
1890 12 -0.2342
1891 01 -0.3804
1891 02 -0.5214
1891 03 -0.2093
1891 04 -0.2498
1891 05 -0.1333
1891 06 -0.2003
1891 07 -0.2244
1891 08 -0.2249
1891 09 -0.1485
1891 10 -0.2851
1891 11 -0.3927
1891 12 -0.0422
1892 01 -0.2383
1892 02 -0.1306
1892 03 -0.3086
1892 04 -0.3119
1892 05 -0.3017
1892 06 -0.2831
1892 07 -0.3467
1892 08 -0.3343
1892 09 -0.2231
1892 10 -0.2498
1892 11 -0.4723
1892 12 -0.4699
1893 01 -0.6739
1893 02 -0.6131
1893 03 -0.2218
1893 04 -0.3465
1893 05 -0.3375
1893 06 -0.2364
1893 07 -0.2004
1893 08 -0.3220
1893 09 -0.2563
1893 10 -0.2082
1893 11 -0.1636
1893 12 -0.2436
1894 01 -0.4295
1894 02 -0.2199
1894 03 -0.2026
1894 04 -0.3005
1894 05 -0.2976
1894 06 -0.3463
1894 07 -0.2709
1894 08 -0.2681
1894 09 -0.2500
1894 10 -0.2123
1894 11 -0.2930
1894 12 -0.2344
1895 01 -0.4382
1895 02 -0.4177
1895 03 -0.2847
1895 04 -0.1853
1895 05 -0.2074
1895 06 -0.2936
1895 07 -0.1992
1895 08 -0.2225
1895 09 -0.1295
1895 10 -0.1320
1895 11 -0.1582
1895 12 -0.0709
1896 01 -0.1009
1896 02 -0.0769
1896 03 -0.2039
1896 04 -0.2582
1896 05 -0.1003
1896 06 -0.0849
1896 07 -0.0446
1896 08 -0.0663
1896 09 -0.0617
1896 10 -0.0042
1896 11 -0.1597
1896 12 0.0528
1897 01 -0.1906
1897 02 -0.1135
1897 03 -0.1878
1897 04 -0.0056
1897 05 -0.0250
1897 06 -0.0986
1897 07 -0.0400
1897 08 -0.0712
1897 09 -0.0238
1897 10 -0.1611
1897 11 -0.2618
1897 12 -0.2986
1898 01 -0.0410
1898 02 -0.2788
1898 03 -0.6597
1898 04 -0.3548
1898 05 -0.3146
1898 06 -0.2102
1898 07 -0.2418
1898 08 -0.2290
1898 09 -0.2083
1898 10 -0.3228
1898 11 -0.2497
1898 12 -0.0114
1899 01 -0.1038
1899 02 -0.2856
1899 03 -0.2614
1899 04 -0.1996
1899 05 -0.1398
1899 06 -0.1992
1899 07 -0.1250
1899 08 -0.0645
1899 09 -0.0544
1899 10 -0.0305
1899 11 0.1370
1899 12 -0.1702
1900 01 -0.2485
1900 02 -0.0981
1900 03 -0.0491
1900 04 -0.1009
1900 05 -0.0422
1900 06 -0.0510
1900 07 -0.0763
1900 08 -0.0716
1900 09 -0.0640
1900 10 0.0435
1900 11 -0.1398
1900 12 0.0282
1901 01 -0.1263
1901 02 -0.0851
1901 03 -0.0380
1901 04 -0.0694
1901 05 -0.1287
1901 06 -0.1327
1901 07 -0.1559
1901 08 -0.1353
1901 09 -0.2101
1901 10 -0.2852
1901 11 -0.1464
1901 12 -0.2437
1902 01 -0.0950
1902 02 -0.0452
1902 03 -0.2080
1902 04 -0.2756
1902 05 -0.2671
1902 06 -0.3401
1902 07 -0.2955
1902 08 -0.2704
1902 09 -0.2426
1902 10 -0.2898
1902 11 -0.3495
1902 12 -0.3746
1903 01 -0.2179
1903 02 -0.0920
1903 03 -0.2860
1903 04 -0.3589
1903 05 -0.3968
1903 06 -0.3799
1903 07 -0.3361
1903 08 -0.4365
1903 09 -0.3794
1903 10 -0.4403
1903 11 -0.3989
1903 12 -0.3923
1904 01 -0.5437
1904 02 -0.4671
1904 03 -0.5178
1904 04 -0.4775
1904 05 -0.4320
1904 06 -0.4440
1904 07 -0.4597
1904 08 -0.4292
1904 09 -0.4648
1904 10 -0.4077
1904 11 -0.1694
1904 12 -0.2428
1905 01 -0.3545
1905 02 -0.6212
1905 03 -0.3977
1905 04 -0.4557
1905 05 -0.2934
1905 06 -0.2499
1905 07 -0.1898
1905 08 -0.2243
1905 09 -0.2243
1905 10 -0.3022
1905 11 -0.0964
1905 12 -0.1351
1906 01 -0.1752
1906 02 -0.2360
1906 03 -0.1462
1906 04 -0.0534
1906 05 -0.2185
1906 06 -0.1723
1906 07 -0.2458
1906 08 -0.2338
1906 09 -0.3043
1906 10 -0.2826
1906 11 -0.3713
1906 12 -0.1663
1907 01 -0.3470
1907 02 -0.4050
1907 03 -0.2804
1907 04 -0.3528
1907 05 -0.4735
1907 06 -0.3755
1907 07 -0.3563
1907 08 -0.3379
1907 09 -0.3427
1907 10 -0.3036
1907 11 -0.5078
1907 12 -0.3951
1908 01 -0.3633
1908 02 -0.3781
1908 03 -0.6076
1908 04 -0.4822
1908 05 -0.4015
1908 06 -0.4067
1908 07 -0.3889
1908 08 -0.4812
1908 09 -0.3974
1908 10 -0.5196
1908 11 -0.4838
1908 12 -0.3823
1909 01 -0.5518
1909 02 -0.4599
1909 03 -0.5419
1909 04 -0.5306
1909 05 -0.4534
1909 06 -0.4164
1909 07 -0.4368
1909 08 -0.3064
1909 09 -0.3625
1909 10 -0.3921
1909 11 -0.2763
1909 12 -0.4084
1910 01 -0.3062
1910 02 -0.3596
1910 03 -0.4254
1910 04 -0.3406
1910 05 -0.3062
1910 06 -0.3560
1910 07 -0.3274
1910 08 -0.3331
1910 09 -0.3329
1910 10 -0.4198
1910 11 -0.4949
1910 12 -0.5642
1911 01 -0.5099
1911 02 -0.5290
1911 03 -0.5696
1911 04 -0.5104
1911 05 -0.4736
1911 06 -0.4380
1911 07 -0.4604
1911 08 -0.4506
1911 09 -0.3945
1911 10 -0.3379
1911 11 -0.2527
1911 12 -0.2361
1912 01 -0.2777
1912 02 -0.1144
1912 03 -0.3120
1912 04 -0.2044
1912 05 -0.2267
1912 06 -0.2608
1912 07 -0.3173
1912 08 -0.4560
1912 09 -0.5055
1912 10 -0.5215
1912 11 -0.4106
1912 12 -0.3576
1913 01 -0.3540
1913 02 -0.3871
1913 03 -0.4072
1913 04 -0.3511
1913 05 -0.3954
1913 06 -0.3791
1913 07 -0.3537
1913 08 -0.3281
1913 09 -0.3541
1913 10 -0.3126
1913 11 -0.1368
1913 12 -0.0371
1914 01 0.0963
1914 02 -0.1160
1914 03 -0.1601
1914 04 -0.2492
1914 05 -0.1655
1914 06 -0.1936
1914 07 -0.2081
1914 08 -0.1736
1914 09 -0.1825
1914 10 -0.0942
1914 11 -0.1217
1914 12 -0.1011
1915 01 -0.1411
1915 02 -0.0166
1915 03 -0.1111
1915 04 0.0176
1915 05 -0.0733
1915 06 -0.0860
1915 07 -0.0322
1915 08 -0.0775
1915 09 -0.1155
1915 10 -0.1772
1915 11 -0.0162
1915 12 -0.0518
1916 01 -0.1783
1916 02 -0.1768
1916 03 -0.3005
1916 04 -0.2005
1916 05 -0.2251
1916 06 -0.3852
1916 07 -0.2905
1916 08 -0.2759
1916 09 -0.2601
1916 10 -0.2658
1916 11 -0.3945
1916 12 -0.5759
1917 01 -0.4289
1917 02 -0.4760
1917 03 -0.4288
1917 04 -0.3157
1917 05 -0.4532
1917 06 -0.3443
1917 07 -0.1749
1917 08 -0.1764
1917 09 -0.0605
1917 10 -0.2646
1917 11 -0.1359
1917 12 -0.5382
1918 01 -0.2163
1918 02 -0.2888
1918 03 -0.1778
1918 04 -0.2989
1918 05 -0.2821
1918 06 -0.1791
1918 07 -0.2001
1918 08 -0.1725
1918 09 -0.1477
1918 10 -0.1007
1918 11 -0.1171
1918 12 -0.3206
1919 01 -0.2441
1919 02 -0.0587
1919 03 -0.2427
1919 04 -0.0754
1919 05 -0.1850
1919 06 -0.2369
1919 07 -0.2168
1919 08 -0.2125
1919 09 -0.1812
1919 10 -0.2228
1919 11 -0.3206
1919 12 -0.2999
1920 01 -0.1199
1920 02 -0.2290
1920 03 -0.0631
1920 04 -0.2144
1920 05 -0.1708
1920 06 -0.2592
1920 07 -0.2457
1920 08 -0.2311
1920 09 -0.1778
1920 10 -0.2114
1920 11 -0.2533
1920 12 -0.3886
1921 01 -0.0585
1921 02 -0.1492
1921 03 -0.2180
1921 04 -0.2045
1921 05 -0.1897
1921 06 -0.1648
1921 07 -0.1132
1921 08 -0.1927
1921 09 -0.1463
1921 10 -0.0656
1921 11 -0.1847
1921 12 -0.0804
1922 01 -0.3192
1922 02 -0.2904
1922 03 -0.0769
1922 04 -0.1267
1922 05 -0.2632
1922 06 -0.2802
1922 07 -0.2613
1922 08 -0.2747
1922 09 -0.2515
1922 10 -0.2476
1922 11 -0.1928
1922 12 -0.1555
1923 01 -0.2140
1923 02 -0.3751
1923 03 -0.2672
1923 04 -0.3337
1923 05 -0.2493
1923 06 -0.1946
1923 07 -0.2788
1923 08 -0.2805
1923 09 -0.2433
1923 10 -0.1596
1923 11 0.0305
1923 12 0.0049
1924 01 -0.2507
1924 02 -0.1851
1924 03 -0.1141
1924 04 -0.2459
1924 05 -0.2026
1924 06 -0.2255
1924 07 -0.2167
1924 08 -0.2863
1924 09 -0.2818
1924 10 -0.2886
1924 11 -0.2951
1924 12 -0.3993
1925 01 -0.3183
1925 02 -0.2760
1925 03 -0.1673
1925 04 -0.1631
1925 05 -0.2184
1925 06 -0.2273
1925 07 -0.2077
1925 08 -0.1336
1925 09 -0.1001
1925 10 -0.1288
1925 11 0.0607
1925 12 0.1376
1926 01 0.1711
1926 02 0.0860
1926 03 0.0796
1926 04 -0.1225
1926 05 -0.1262
1926 06 -0.1183
1926 07 -0.1540
1926 08 -0.0836
1926 09 -0.1002
1926 10 -0.0783
1926 11 -0.0738
1926 12 -0.2055
1927 01 -0.1681
1927 02 -0.1836
1927 03 -0.2507
1927 04 -0.2150
1927 05 -0.2227
1927 06 -0.1975
1927 07 -0.0985
1927 08 -0.1107
1927 09 -0.0228
1927 10 0.0214
1927 11 -0.0376
1927 12 -0.3066
1928 01 -0.0674
1928 02 -0.1355
1928 03 -0.2606
1928 04 -0.2436
1928 05 -0.1821
1928 06 -0.2749
1928 07 -0.1749
1928 08 -0.1971
1928 09 -0.1857
1928 10 -0.1211
1928 11 -0.0674
1928 12 -0.1647
1929 01 -0.4786
1929 02 -0.5356
1929 03 -0.2613
1929 04 -0.3006
1929 05 -0.2892
1929 06 -0.2743
1929 07 -0.2728
1929 08 -0.2093
1929 09 -0.2107
1929 10 -0.1180
1929 11 -0.0969
1929 12 -0.5051
1930 01 -0.3238
1930 02 -0.2055
1930 03 -0.0585
1930 04 -0.1992
1930 05 -0.1980
1930 06 -0.1113
1930 07 -0.0618
1930 08 -0.0808
1930 09 -0.1045
1930 10 0.0017
1930 11 0.1406
1930 12 0.0071
1931 01 -0.0513
1931 02 -0.2210
1931 03 -0.0075
1931 04 -0.1642
1931 05 -0.1550
1931 06 -0.0232
1931 07 -0.0169
1931 08 -0.0147
1931 09 -0.0114
1931 10 0.0106
1931 11 -0.1158
1931 12 -0.1094
1932 01 0.1576
1932 02 -0.1767
1932 03 -0.1836
1932 04 -0.0410
1932 05 -0.1715
1932 06 -0.1652
1932 07 -0.1131
1932 08 -0.1835
1932 09 -0.0777
1932 10 -0.0944
1932 11 -0.2010
1932 12 -0.1892
1933 01 -0.3114
1933 02 -0.3165
1933 03 -0.2500
1933 04 -0.2067
1933 05 -0.2107
1933 06 -0.2022
1933 07 -0.1830
1933 08 -0.1913
1933 09 -0.2242
1933 10 -0.1917
1933 11 -0.2610
1933 12 -0.4129
1934 01 -0.3189
1934 02 -0.0271
1934 03 -0.2627
1934 04 -0.2384
1934 05 -0.0497
1934 06 -0.0110
1934 07 -0.0958
1934 08 -0.0595
1934 09 -0.1270
1934 10 -0.0729
1934 11 0.0034
1934 12 -0.0277
1935 01 -0.2943
1935 02 0.1629
1935 03 -0.1526
1935 04 -0.2613
1935 05 -0.2092
1935 06 -0.1750
1935 07 -0.1192
1935 08 -0.1044
1935 09 -0.0935
1935 10 -0.0148
1935 11 -0.2735
1935 12 -0.1798
1936 01 -0.2596
1936 02 -0.3183
1936 03 -0.2123
1936 04 -0.1826
1936 05 -0.1215
1936 06 -0.1107
1936 07 -0.0163
1936 08 -0.0578
1936 09 -0.0434
1936 10 -0.0280
1936 11 -0.0298
1936 12 -0.0207
1937 01 -0.1729
1937 02 0.0358
1937 03 -0.1857
1937 04 -0.1294
1937 05 -0.0234
1937 06 0.0062
1937 07 -0.0057
1937 08 0.0868
1937 09 0.1272
1937 10 0.1090
1937 11 0.0051
1937 12 -0.0941
1938 01 -0.0401
1938 02 -0.0581
1938 03 0.0288
1938 04 0.0397
1938 05 -0.0230
1938 06 -0.0969
1938 07 -0.0545
1938 08 -0.0189
1938 09 0.0266
1938 10 0.0705
1938 11 0.0001
1938 12 -0.2577
1939 01 -0.1698
1939 02 -0.1119
1939 03 -0.1893
1939 04 -0.1325
1939 05 -0.0420
1939 06 -0.0153
1939 07 -0.0001
1939 08 0.0497
1939 09 0.0064
1939 10 -0.0469
1939 11 0.0421
1939 12 0.4036
1940 01 -0.1293
1940 02 0.0481
1940 03 0.0624
1940 04 0.1209
1940 05 0.0490
1940 06 0.0986
1940 07 0.1400
1940 08 0.0874
1940 09 0.1409
1940 10 0.0948
1940 11 0.0949
1940 12 0.2645
1941 01 0.1725
1941 02 0.2210
1941 03 0.0980
1941 04 0.2174
1941 05 0.2408
1941 06 0.1574
1941 07 0.2024
1941 08 0.1703
1941 09 0.0821
1941 10 0.3090
1941 11 0.2171
1941 12 0.2001
1942 01 0.2916
1942 02 0.0924
1942 03 0.1721
1942 04 0.1845
1942 05 0.1607
1942 06 0.2041
1942 07 0.0748
1942 08 0.0372
1942 09 0.1127
1942 10 0.1425
1942 11 0.1620
1942 12 0.1435
1943 01 -0.0345
1943 02 0.1639
1943 03 0.0739
1943 04 0.1669
1943 05 0.1309
1943 06 0.0229
1943 07 0.1826
1943 08 0.0960
1943 09 0.1425
1943 10 0.3106
1943 11 0.2464
1943 12 0.3566
1944 01 0.4222
1944 02 0.2969
1944 03 0.3611
1944 04 0.2613
1944 05 0.2621
1944 06 0.3328
1944 07 0.3106
1944 08 0.2691
1944 09 0.3807
1944 10 0.3146
1944 11 0.1425
1944 12 0.0937
1945 01 0.1492
1945 02 0.0137
1945 03 0.1043
1945 04 0.2747
1945 05 0.1670
1945 06 0.1373
1945 07 0.1643
1945 08 0.3531
1945 09 0.2551
1945 10 0.2596
1945 11 0.1939
1945 12 -0.0528
1946 01 0.2234
1946 02 0.0834
1946 03 -0.0064
1946 04 0.1725
1946 05 -0.0314
1946 06 -0.1094
1946 07 -0.0396
1946 08 -0.0720
1946 09 -0.0225
1946 10 -0.0138
1946 11 -0.0175
1946 12 -0.2714
1947 01 -0.1932
1947 02 -0.0827
1947 03 -0.0161
1947 04 0.0100
1947 05 -0.0250
1947 06 0.0138
1947 07 -0.0133
1947 08 -0.0645
1947 09 -0.1312
1947 10 0.0538
1947 11 -0.0267
1947 12 -0.1482
1948 01 0.0482
1948 02 -0.0952
1948 03 -0.1906
1948 04 -0.0668
1948 05 0.1461
1948 06 -0.0152
1948 07 -0.0610
1948 08 -0.0254
1948 09 -0.1036
1948 10 -0.0665
1948 11 -0.0605
1948 12 -0.1146
1949 01 0.1202
1949 02 -0.1480
1949 03 -0.0727
1949 04 0.0075
1949 05 -0.0067
1949 06 -0.1498
1949 07 -0.0751
1949 08 -0.0191
1949 09 -0.0664
1949 10 -0.0309
1949 11 -0.0529
1949 12 -0.1828
1950 01 -0.2761
1950 02 -0.2360
1950 03 -0.0813
1950 04 -0.1662
1950 05 -0.0499
1950 06 -0.0554
1950 07 -0.1010
1950 08 -0.1350
1950 09 -0.1014
1950 10 -0.1632
1950 11 -0.3592
1950 12 -0.1791
1951 01 -0.2872
1951 02 -0.4075
1951 03 -0.1656
1951 04 -0.0846
1951 05 0.0576
1951 06 0.0390
1951 07 0.1110
1951 08 0.1160
1951 09 0.1355
1951 10 0.1103
1951 11 0.0277
1951 12 0.2174
1952 01 0.1544
1952 02 0.0950
1952 03 -0.0445
1952 04 0.0698
1952 05 0.0385
1952 06 0.0419
1952 07 0.0748
1952 08 0.0680
1952 09 0.0688
1952 10 -0.0328
1952 11 -0.1936
1952 12 -0.0052
1953 01 0.1056
1953 02 0.1563
1953 03 0.1566
1953 04 0.1900
1953 05 0.1479
1953 06 0.1279
1953 07 0.0693
1953 08 0.0829
1953 09 0.0670
1953 10 0.0750
1953 11 -0.0591
1953 12 0.0600
1954 01 -0.2333
1954 02 -0.0841
1954 03 -0.0871
1954 04 -0.1728
1954 05 -0.1972
1954 06 -0.1117
1954 07 -0.1197
1954 08 -0.0853
1954 09 -0.0547
1954 10 -0.0664
1954 11 0.0437
1954 12 -0.1829
1955 01 0.0921
1955 02 -0.1277
1955 03 -0.3051
1955 04 -0.2340
1955 05 -0.1235
1955 06 -0.0657
1955 07 -0.0849
1955 08 -0.0214
1955 09 -0.0893
1955 10 -0.1217
1955 11 -0.2351
1955 12 -0.2682
1956 01 -0.1726
1956 02 -0.2689
1956 03 -0.1951
1956 04 -0.2816
1956 05 -0.2232
1956 06 -0.1404
1956 07 -0.1332
1956 08 -0.1838
1956 09 -0.2493
1956 10 -0.1973
1956 11 -0.1522
1956 12 -0.1504
1957 01 -0.1172
1957 02 -0.1095
1957 03 -0.0639
1957 04 -0.0149
1957 05 0.1125
1957 06 0.1634
1957 07 0.0644
1957 08 0.1331
1957 09 0.0764
1957 10 0.0161
1957 11 0.1307
1957 12 0.2313
1958 01 0.2995
1958 02 0.2119
1958 03 0.1224
1958 04 0.1174
1958 05 0.1081
1958 06 0.0667
1958 07 0.0665
1958 08 0.0577
1958 09 0.0219
1958 10 0.0436
1958 11 0.0944
1958 12 0.1468
1959 01 0.1280
1959 02 0.0717
1959 03 0.2086
1959 04 0.1218
1959 05 0.0310
1959 06 0.0891
1959 07 0.0691
1959 08 0.0550
1959 09 0.1006
1959 10 -0.0089
1959 11 -0.0745
1959 12 -0.0305
1960 01 0.0063
1960 02 0.1886
1960 03 -0.1999
1960 04 -0.0918
1960 05 -0.0798
1960 06 0.0815
1960 07 0.0361
1960 08 0.0497
1960 09 0.0667
1960 10 0.0420
1960 11 -0.0452
1960 12 0.2299
1961 01 0.1220
1961 02 0.1798
1961 03 0.1671
1961 04 0.1372
1961 05 0.1648
1961 06 0.1529
1961 07 0.0369
1961 08 0.0342
1961 09 -0.0039
1961 10 -0.0318
1961 11 0.0181
1961 12 -0.0150
1962 01 0.1366
1962 02 0.1727
1962 03 0.1226
1962 04 0.0807
1962 05 0.0620
1962 06 0.0621
1962 07 0.0939
1962 08 0.0599
1962 09 0.0661
1962 10 0.0814
1962 11 0.0795
1962 12 0.0901
1963 01 0.0404
1963 02 0.2596
1963 03 -0.0192
1963 04 0.0002
1963 05 0.0150
1963 06 0.0506
1963 07 0.1392
1963 08 0.1596
1963 09 0.1668
1963 10 0.2153
1963 11 0.1964
1963 12 0.0842
1964 01 0.0518
1964 02 -0.1017
1964 03 -0.1389
1964 04 -0.1804
1964 05 -0.0955
1964 06 -0.0896
1964 07 -0.1107
1964 08 -0.1656
1964 09 -0.2062
1964 10 -0.2629
1964 11 -0.2005
1964 12 -0.2619
1965 01 -0.0674
1965 02 -0.1938
1965 03 -0.0968
1965 04 -0.1839
1965 05 -0.0737
1965 06 -0.0405
1965 07 -0.0812
1965 08 -0.0436
1965 09 -0.0470
1965 10 0.0262
1965 11 -0.0882
1965 12 -0.0103
1966 01 -0.0441
1966 02 -0.0359
1966 03 -0.0000
1966 04 -0.0890
1966 05 -0.0334
1966 06 0.0607
1966 07 0.0691
1966 08 0.0228
1966 09 0.0273
1966 10 -0.0574
1966 11 -0.0434
1966 12 -0.1223
1967 01 -0.1049
1967 02 -0.1644
1967 03 0.0056
1967 04 0.0078
1967 05 0.1273
1967 06 -0.0278
1967 07 -0.0175
1967 08 -0.0038
1967 09 -0.0303
1967 10 0.1311
1967 11 -0.0226
1967 12 -0.0412
1968 01 -0.1868
1968 02 -0.1259
1968 03 0.1521
1968 04 -0.0687
1968 05 -0.0787
1968 06 -0.0151
1968 07 -0.0216
1968 08 -0.0151
1968 09 -0.0104
1968 10 0.0479
1968 11 0.0171
1968 12 -0.0424
1969 01 -0.1290
1969 02 -0.1025
1969 03 0.1200
1969 04 0.1943
1969 05 0.1752
1969 06 0.0762
1969 07 0.0919
1969 08 0.0972
1969 09 0.0861
1969 10 0.0718
1969 11 0.1943
1969 12 0.2498
1970 01 0.1230
1970 02 0.2376
1970 03 0.0352
1970 04 0.1336
1970 05 0.0427
1970 06 0.0291
1970 07 -0.0226
1970 08 -0.0185
1970 09 0.0086
1970 10 -0.0362
1970 11 0.0240
1970 12 -0.0934
1971 01 -0.0037
1971 02 -0.2122
1971 03 -0.1375
1971 04 -0.1283
1971 05 -0.0889
1971 06 -0.1250
1971 07 -0.0628
1971 08 -0.0682
1971 09 -0.0414
1971 10 -0.0741
1971 11 0.0391
1971 12 -0.0193
1972 01 -0.2392
1972 02 -0.1617
1972 03 0.0052
1972 04 0.0384
1972 05 0.0177
1972 06 0.0791
1972 07 0.0672
1972 08 0.0910
1972 09 0.0223
1972 10 0.0914
1972 11 0.0804
1972 12 0.2537
1973 01 0.2585
1973 02 0.3729
1973 03 0.3311
1973 04 0.2522
1973 05 0.2155
1973 06 0.1974
1973 07 0.1148
1973 08 0.0788
1973 09 0.0547
1973 10 0.0449
1973 11 0.0234
1973 12 0.0264
1974 01 -0.1942
1974 02 -0.2543
1974 03 -0.0495
1974 04 -0.0419
1974 05 -0.0248
1974 06 -0.0383
1974 07 0.0175
1974 08 0.0130
1974 09 -0.0423
1974 10 -0.0800
1974 11 -0.0665
1974 12 -0.0974
1975 01 0.1198
1975 02 0.0319
1975 03 0.1102
1975 04 0.0795
1975 05 0.0693
1975 06 0.0355
1975 07 0.0031
1975 08 -0.0685
1975 09 0.0176
1975 10 -0.1231
1975 11 -0.1437
1975 12 -0.0900
1976 01 -0.0177
1976 02 -0.1219
1976 03 -0.2350
1976 04 -0.0208
1976 05 -0.1220
1976 06 -0.0727
1976 07 -0.0857
1976 08 -0.0898
1976 09 -0.0441
1976 10 -0.1817
1976 11 -0.0393
1976 12 0.0917
1977 01 0.0644
1977 02 0.2371
1977 03 0.3107
1977 04 0.2841
1977 05 0.2386
1977 06 0.2479
1977 07 0.1715
1977 08 0.1421
1977 09 0.1879
1977 10 0.1187
1977 11 0.2622
1977 12 0.1123
1978 01 0.1619
1978 02 0.1298
1978 03 0.2241
1978 04 0.1341
1978 05 0.0618
1978 06 0.0538
1978 07 0.0683
1978 08 0.0052
1978 09 0.0747
1978 10 0.0652
1978 11 0.2288
1978 12 0.1539
1979 01 0.1624
1979 02 0.0916
1979 03 0.2454
1979 04 0.1139
1979 05 0.1578
1979 06 0.2181
1979 07 0.1738
1979 08 0.2266
1979 09 0.2526
1979 10 0.2947
1979 11 0.2974
1979 12 0.5042
1980 01 0.3119
1980 02 0.3533
1980 03 0.2424
1980 04 0.3107
1980 05 0.3200
1980 06 0.2488
1980 07 0.2192
1980 08 0.1974
1980 09 0.2042
1980 10 0.1850
1980 11 0.3334
1980 12 0.2692
1981 01 0.4697
1981 02 0.3651
1981 03 0.4117
1981 04 0.3596
1981 05 0.2639
1981 06 0.2871
1981 07 0.2273
1981 08 0.2460
1981 09 0.1886
1981 10 0.1722
1981 11 0.2167
1981 12 0.4222
1982 01 0.1368
1982 02 0.1599
1982 03 0.0859
1982 04 0.2070
1982 05 0.1944
1982 06 0.1262
1982 07 0.1453
1982 08 0.1431
1982 09 0.2372
1982 10 0.1802
1982 11 0.1530
1982 12 0.4397
1983 01 0.5192
1983 02 0.4845
1983 03 0.4293
1983 04 0.2949
1983 05 0.2950
1983 06 0.2690
1983 07 0.2671
1983 08 0.3276
1983 09 0.3192
1983 10 0.2148
1983 11 0.4344
1983 12 0.2762
1984 01 0.2855
1984 02 0.1766
1984 03 0.2740
1984 04 0.1523
1984 05 0.2869
1984 06 0.1332
1984 07 0.1204
1984 08 0.1707
1984 09 0.1446
1984 10 0.1195
1984 11 0.0409
1984 12 -0.0909
1985 01 0.1808
1985 02 0.0209
1985 03 0.1905
1985 04 0.1506
1985 05 0.1977
1985 06 0.1290
1985 07 0.0780
1985 08 0.1301
1985 09 0.1026
1985 10 0.1311
1985 11 0.1197
1985 12 0.2004
1986 01 0.3257
1986 02 0.2800
1986 03 0.2980
1986 04 0.2623
1986 05 0.2526
1986 06 0.2532
1986 07 0.1663
1986 08 0.1683
1986 09 0.1717
1986 10 0.2055
1986 11 0.1559
1986 12 0.2191
1987 01 0.3129
1987 02 0.5028
1987 03 0.2551
1987 04 0.3028
1987 05 0.3347
1987 06 0.3022
1987 07 0.4185
1987 08 0.3844
1987 09 0.4328
1987 10 0.3358
1987 11 0.3306
1987 12 0.5318
1988 01 0.5507
1988 02 0.3905
1988 03 0.4847
1988 04 0.4436
1988 05 0.3821
1988 06 0.3865
1988 07 0.3431
1988 08 0.3210
1988 09 0.3194
1988 10 0.3004
1988 11 0.2292
1988 12 0.3620
1989 01 0.2170
1989 02 0.3064
1989 03 0.3368
1989 04 0.2919
1989 05 0.2797
1989 06 0.2744
1989 07 0.3033
1989 08 0.3025
1989 09 0.3047
1989 10 0.3036
1989 11 0.2532
1989 12 0.4003
1990 01 0.3640
1990 02 0.4067
1990 03 0.7327
1990 04 0.4939
1990 05 0.4300
1990 06 0.4128
1990 07 0.3468
1990 08 0.3495
1990 09 0.3157
1990 10 0.4284
1990 11 0.4789
1990 12 0.4480
1991 01 0.4538
1991 02 0.4680
1991 03 0.3685
1991 04 0.5185
1991 05 0.4135
1991 06 0.4823
1991 07 0.4449
1991 08 0.3866
1991 09 0.3855
1991 10 0.3297
1991 11 0.3198
1991 12 0.3044
1992 01 0.4714
1992 02 0.4497
1992 03 0.4356
1992 04 0.2936
1992 05 0.3285
1992 06 0.2835
1992 07 0.1353
1992 08 0.1385
1992 09 0.0650
1992 10 0.1176
1992 11 0.0931
1992 12 0.2851
1993 01 0.3869
1993 02 0.3966
1993 03 0.4228
1993 04 0.3177
1993 05 0.3463
1993 06 0.2942
1993 07 0.2343
1993 08 0.2128
1993 09 0.1723
1993 10 0.2451
1993 11 0.0942
1993 12 0.3186
1994 01 0.2909
1994 02 0.0808
1994 03 0.3568
1994 04 0.3611
1994 05 0.3829
1994 06 0.3849
1994 07 0.3140
1994 08 0.3084
1994 09 0.3305
1994 10 0.4285
1994 11 0.4529
1994 12 0.4045
1995 01 0.5514
1995 02 0.6914
1995 03 0.4662
1995 04 0.4108
1995 05 0.3569
1995 06 0.4676
1995 07 0.4281
1995 08 0.5055
1995 09 0.3859
1995 10 0.4384
1995 11 0.4552
1995 12 0.3480
1996 01 0.2641
1996 02 0.4592
1996 03 0.3276
1996 04 0.2755
1996 05 0.3921
1996 06 0.3543
1996 07 0.3241
1996 08 0.3188
1996 09 0.2665
1996 10 0.2274
1996 11 0.2833
1996 12 0.3898
1997 01 0.3778
1997 02 0.4309
1997 03 0.4643
1997 04 0.4546
1997 05 0.4217
1997 06 0.5335
1997 07 0.5080
1997 08 0.5436
1997 09 0.6253
1997 10 0.6451
1997 11 0.5843
1997 12 0.6284
1998 01 0.6034
1998 02 0.8632
1998 03 0.6375
1998 04 0.7349
1998 05 0.6681
1998 06 0.6660
1998 07 0.7347
1998 08 0.6814
1998 09 0.5267
1998 10 0.4947
1998 11 0.4115
1998 12 0.5822
1999 01 0.5018
1999 02 0.6715
1999 03 0.3711
1999 04 0.4579
1999 05 0.4083
1999 06 0.4183
1999 07 0.4011
1999 08 0.3671
1999 09 0.3988
1999 10 0.3757
1999 11 0.3686
1999 12 0.5785
2000 01 0.3438
2000 02 0.5426
2000 03 0.5574
2000 04 0.6310
2000 05 0.4672
2000 06 0.4074
2000 07 0.3931
2000 08 0.4557
2000 09 0.4357
2000 10 0.3041
2000 11 0.2587
2000 12 0.3190
2001 01 0.4748
2001 02 0.3944
2001 03 0.6319
2001 04 0.5682
2001 05 0.5999
2001 06 0.5357
2001 07 0.5573
2001 08 0.6035
2001 09 0.5051
2001 10 0.4996
2001 11 0.6893
2001 12 0.5126
2002 01 0.6999
2002 02 0.7836
2002 03 0.7905
2002 04 0.5732
2002 05 0.5658
2002 06 0.5899
2002 07 0.6236
2002 08 0.5370
2002 09 0.5679
2002 10 0.4795
2002 11 0.5918
2002 12 0.4387
2003 01 0.6923
2003 02 0.5663
2003 03 0.5705
2003 04 0.5635
2003 05 0.5994
2003 06 0.5412
2003 07 0.5442
2003 08 0.6220
2003 09 0.6429
2003 10 0.7282
2003 11 0.5789
2003 12 0.7387
2004 01 0.5984
2004 02 0.7249
2004 03 0.7013
2004 04 0.5961
2004 05 0.4485
2004 06 0.4713
2004 07 0.4838
2004 08 0.5172
2004 09 0.5356
2004 10 0.6206
2004 11 0.7612
2004 12 0.5129
2005 01 0.6272
2005 02 0.5198
2005 03 0.6962
2005 04 0.7331
2005 05 0.6609
2005 06 0.6725
2005 07 0.6594
2005 08 0.6251
2005 09 0.6898
2005 10 0.6922
2005 11 0.7292
2005 12 0.6248
2006 01 0.4641
2006 02 0.6229
2006 03 0.5963
2006 04 0.5200
2006 05 0.5516
2006 06 0.6360
2006 07 0.6189
2006 08 0.6224
2006 09 0.6318
2006 10 0.6790
2006 11 0.6423
2006 12 0.7651
2007 01 0.8826
2007 02 0.6622
2007 03 0.6685
2007 04 0.7358
2007 05 0.6099
2007 06 0.5380
2007 07 0.5298
2007 08 0.5517
2007 09 0.5781
2007 10 0.5657
2007 11 0.5178
2007 12 0.4866
2008 01 0.2755
2008 02 0.3780
2008 03 0.7620
2008 04 0.4825
2008 05 0.4999
2008 06 0.5290
2008 07 0.5736
2008 08 0.5547
2008 09 0.5281
2008 10 0.6660
2008 11 0.6697
2008 12 0.5621
2009 01 0.5935
2009 02 0.5640
2009 03 0.5788
2009 04 0.6541
2009 05 0.5884
2009 06 0.6719
2009 07 0.6378
2009 08 0.6985
2009 09 0.7082
2009 10 0.6426
2009 11 0.6699
2009 12 0.6161
2010 01 0.6959
2010 02 0.7095
2010 03 0.8458
2010 04 0.8285
2010 05 0.7586
2010 06 0.7327
2010 07 0.7262
2010 08 0.6556
2010 09 0.5702
2010 10 0.6229
2010 11 0.7688
2010 12 0.4849
2011 01 0.4673
2011 02 0.4927
2011 03 0.5888
2011 04 0.6531
2011 05 0.5739
2011 06 0.6430
2011 07 0.6258
2011 08 0.6109
2011 09 0.5959
2011 10 0.6324
2011 11 0.4834
2011 12 0.5440
2012 01 0.4200
2012 02 0.4230
2012 03 0.5208
2012 04 0.7293
2012 05 0.7195
2012 06 0.6985
2012 07 0.6844
2012 08 0.6652
2012 09 0.7182
2012 10 0.6972
2012 11 0.7061
2012 12 0.4576
2013 01 0.5824
2013 02 0.6333
2013 03 0.6131
2013 04 0.5616
2013 05 0.7130
2013 06 0.6808
2013 07 0.6641
2013 08 0.6575
2013 09 0.6806
2013 10 0.6758
2013 11 0.8234
2013 12 0.6929
2014 01 0.6879
2014 02 0.4740
2014 03 0.7657
2014 04 0.7979
2014 05 0.7902
2014 06 0.7573
2014 07 0.6923
2014 08 0.7921
2014 09 0.7855
2014 10 0.7809
2014 11 0.6871
2014 12 0.8276
2015 01 0.8138
2015 02 0.8799
2015 03 0.8953
2015 04 0.7728
2015 05 0.8517
2015 06 0.8750
2015 07 0.8029
2015 08 0.8714
2015 09 0.9196
2015 10 0.9896
2015 11 0.9637
2015 12 1.1189
2016 01 1.0460
2016 02 1.1963
2016 03 1.2203
2016 04 1.0802
2016 05 0.8768
2016 06 0.8987
