Glob al Land and Ocean Temperature Anomalies
Unit s: Degrees Celsius
Base  P riod: 1901-2000
Year ,V lue
1880 01 -0.0007
1880 02 -0.1240
1880 03 -0.1387
1880 04 -0.0520
1880 05 -0.0739
1880 06 -0.1709
1880 07 -0.1525
1880 08 -0.0745
1880 09 -0.0835
1880 10 -0.1811
1880 11 -0.2699
1880 12 -0.0800
1881 01 -0.0210
1881 02 -0.0308
1881 03 0.0315
1881 04 0.0696
1881 05 0.0259
1881 06 -0.0938
1881 07 -0.0371
1881 08 -0.0530
1881 09 -0.1828
1881 10 -0.2239
1881 11 -0.2242
1881 12 -0.0484
1882 01 0.0882
1882 02 0.0359
1882 03 0.0726
1882 04 -0.1257
1882 05 -0.1479
1882 06 -0.1416
1882 07 -0.0676
1882 08 -0.0058
1882 09 0.0074
1882 10 -0.2105
1882 11 -0.1295
1882 12 -0.1736
1883 01 -0.2704
1883 02 -0.2943
1883 03 -0.1323
1883 04 -0.1742
1883 05 -0.1435
1883 06 -0.0076
1883 07 -0.0859
1883 08 -0.0503
1883 09 -0.1481
1883 10 -0.1642
1883 11 -0.1720
1883 12 -0.0818
1884 01 -0.1889
1884 02 -0.1492
1884 03 -0.2115
1884 04 -0.1855
1884 05 -0.1310
1884 06 -0.1990
1884 07 -0.3041
1884 08 -0.2749
1884 09 -0.2290
1884 10 -0.1786
1884 11 -0.2763
1884 12 -0.1560
1885 01 -0.4328
1885 02 -0.2634
1885 03 -0.1538
1885 04 -0.2623
1885 05 -0.2850
1885 06 -0.3138
1885 07 -0.2454
1885 08 -0.2483
1885 09 -0.2017
1885 10 -0.1338
1885 11 -0.1329
1885 12 0.0417
1886 01 -0.1170
1886 02 -0.2846
1886 03 -0.2860
1886 04 -0.1728
1886 05 -0.1607
1886 06 -0.2502
1886 07 -0.1637
1886 08 -0.2166
1886 09 -0.1984
1886 10 -0.2305
1886 11 -0.1996
1886 12 -0.1671
1887 01 -0.3841
1887 02 -0.3741
1887 03 -0.1672
1887 04 -0.1930
1887 05 -0.2386
1887 06 -0.2187
1887 07 -0.2732
1887 08 -0.3154
1887 09 -0.1845
1887 10 -0.3016
1887 11 -0.1592
1887 12 -0.2017
1888 01 -0.3923
1888 02 -0.3366
1888 03 -0.3041
1888 04 -0.1818
1888 05 -0.1603
1888 06 -0.0982
1888 07 -0.1204
1888 08 -0.1661
1888 09 -0.0741
1888 10 0.0129
1888 11 -0.0458
1888 12 0.0369
1889 01 -0.0996
1889 02 0.0106
1889 03 0.1159
1889 04 0.0439
1889 05 -0.0339
1889 06 -0.0765
1889 07 -0.1645
1889 08 -0.1396
1889 09 -0.2275
1889 10 -0.1942
1889 11 -0.2780
1889 12 -0.1797
1890 01 -0.3614
1890 02 -0.4273
1890 03 -0.3201
1890 04 -0.2587
1890 05 -0.3875
1890 06 -0.2882
1890 07 -0.2810
1890 08 -0.3240
1890 09 -0.3541
1890 10 -0.2943
1890 11 -0.3418
1890 12 -0.2320
1891 01 -0.3778
1891 02 -0.5192
1891 03 -0.2073
1891 04 -0.2493
1891 05 -0.1318
1891 06 -0.2000
1891 07 -0.2221
1891 08 -0.2225
1891 09 -0.1465
1891 10 -0.2821
1891 11 -0.3916
1891 12 -0.0408
1892 01 -0.2353
1892 02 -0.1277
1892 03 -0.3061
1892 04 -0.3082
1892 05 -0.2975
1892 06 -0.2800
1892 07 -0.3464
1892 08 -0.3300
1892 09 -0.2199
1892 10 -0.2461
1892 11 -0.4698
1892 12 -0.4692
1893 01 -0.6727
1893 02 -0.6119
1893 03 -0.2224
1893 04 -0.3460
1893 05 -0.3350
1893 06 -0.2362
1893 07 -0.1992
1893 08 -0.3193
1893 09 -0.2583
1893 10 -0.2057
1893 11 -0.1622
1893 12 -0.2440
1894 01 -0.4292
1894 02 -0.2176
1894 03 -0.2032
1894 04 -0.3003
1894 05 -0.2977
1894 06 -0.3467
1894 07 -0.2718
1894 08 -0.2688
1894 09 -0.2518
1894 10 -0.2127
1894 11 -0.2948
1894 12 -0.2379
1895 01 -0.4392
1895 02 -0.4167
1895 03 -0.2861
1895 04 -0.1845
1895 05 -0.2080
1895 06 -0.2936
1895 07 -0.2008
1895 08 -0.2217
1895 09 -0.1313
1895 10 -0.1306
1895 11 -0.1600
1895 12 -0.0708
1896 01 -0.1025
1896 02 -0.0770
1896 03 -0.2047
1896 04 -0.2599
1896 05 -0.0976
1896 06 -0.0873
1896 07 -0.0461
1896 08 -0.0649
1896 09 -0.0635
1896 10 -0.0039
1896 11 -0.1618
1896 12 0.0541
1897 01 -0.1880
1897 02 -0.1119
1897 03 -0.1867
1897 04 -0.0041
1897 05 -0.0226
1897 06 -0.0980
1897 07 -0.0386
1897 08 -0.0702
1897 09 -0.0225
1897 10 -0.1588
1897 11 -0.2607
1897 12 -0.2974
1898 01 -0.0390
1898 02 -0.2798
1898 03 -0.6585
1898 04 -0.3548
1898 05 -0.3138
1898 06 -0.2135
1898 07 -0.2419
1898 08 -0.2304
1898 09 -0.2094
1898 10 -0.3253
1898 11 -0.2494
1898 12 -0.0109
1899 01 -0.1037
1899 02 -0.2870
1899 03 -0.2607
1899 04 -0.1999
1899 05 -0.1389
1899 06 -0.1997
1899 07 -0.1272
1899 08 -0.0635
1899 09 -0.0538
1899 10 -0.0310
1899 11 0.1270
1899 12 -0.1712
1900 01 -0.2458
1900 02 -0.0966
1900 03 -0.0488
1900 04 -0.0990
1900 05 -0.0406
1900 06 -0.0502
1900 07 -0.0755
1900 08 -0.0721
1900 09 -0.0635
1900 10 0.0435
1900 11 -0.1396
1900 12 0.0281
1901 01 -0.1259
1901 02 -0.0852
1901 03 -0.0382
1901 04 -0.0696
1901 05 -0.1282
1901 06 -0.1337
1901 07 -0.1568
1901 08 -0.1354
1901 09 -0.2098
1901 10 -0.2857
1901 11 -0.1477
1901 12 -0.2446
1902 01 -0.0963
1902 02 -0.0470
1902 03 -0.2097
1902 04 -0.2772
1902 05 -0.2688
1902 06 -0.3428
1902 07 -0.2964
1902 08 -0.2736
1902 09 -0.2440
1902 10 -0.2913
1902 11 -0.3510
1902 12 -0.3763
1903 01 -0.2219
1903 02 -0.0938
1903 03 -0.2884
1903 04 -0.3618
1903 05 -0.3980
1903 06 -0.3825
1903 07 -0.3379
1903 08 -0.4380
1903 09 -0.3811
1903 10 -0.4410
1903 11 -0.3997
1903 12 -0.3929
1904 01 -0.5454
1904 02 -0.4690
1904 03 -0.5198
1904 04 -0.4791
1904 05 -0.4338
1904 06 -0.4463
1904 07 -0.4623
1904 08 -0.4347
1904 09 -0.4671
1904 10 -0.4123
1904 11 -0.1734
1904 12 -0.2471
1905 01 -0.3587
1905 02 -0.6226
1905 03 -0.3988
1905 04 -0.4592
1905 05 -0.2933
1905 06 -0.2537
1905 07 -0.1936
1905 08 -0.2256
1905 09 -0.2252
1905 10 -0.3041
1905 11 -0.0967
1905 12 -0.1372
1906 01 -0.1771
1906 02 -0.2385
1906 03 -0.1504
1906 04 -0.0534
1906 05 -0.2196
1906 06 -0.1779
1906 07 -0.2496
1906 08 -0.2376
1906 09 -0.3087
1906 10 -0.2856
1906 11 -0.3743
1906 12 -0.1697
1907 01 -0.3525
1907 02 -0.4079
1907 03 -0.2858
1907 04 -0.3576
1907 05 -0.4767
1907 06 -0.3810
1907 07 -0.3621
1907 08 -0.3429
1907 09 -0.3479
1907 10 -0.3089
1907 11 -0.5128
1907 12 -0.4002
1908 01 -0.3684
1908 02 -0.3823
1908 03 -0.6133
1908 04 -0.4868
1908 05 -0.4065
1908 06 -0.4134
1908 07 -0.3943
1908 08 -0.4859
1908 09 -0.4036
1908 10 -0.5233
1908 11 -0.4878
1908 12 -0.3860
1909 01 -0.5555
1909 02 -0.4650
1909 03 -0.5469
1909 04 -0.5328
1909 05 -0.4581
1909 06 -0.4221
1909 07 -0.4401
1909 08 -0.3114
1909 09 -0.3670
1909 10 -0.3970
1909 11 -0.2805
1909 12 -0.4136
1910 01 -0.3102
1910 02 -0.3650
1910 03 -0.4312
1910 04 -0.3451
1910 05 -0.3106
1910 06 -0.3618
1910 07 -0.3319
1910 08 -0.3386
1910 09 -0.3389
1910 10 -0.4263
1910 11 -0.5008
1910 12 -0.5702
1911 01 -0.5158
1911 02 -0.5348
1911 03 -0.5758
1911 04 -0.5152
1911 05 -0.4792
1911 06 -0.4438
1911 07 -0.4677
1911 08 -0.4574
1911 09 -0.4026
1911 10 -0.3457
1911 11 -0.2592
1911 12 -0.2428
1912 01 -0.2820
1912 02 -0.1189
1912 03 -0.3170
1912 04 -0.2077
1912 05 -0.2312
1912 06 -0.2643
1912 07 -0.3192
1912 08 -0.4575
1912 09 -0.5084
1912 10 -0.5241
1912 11 -0.4152
1912 12 -0.3606
1913 01 -0.3570
1913 02 -0.3905
1913 03 -0.4114
1913 04 -0.3549
1913 05 -0.3995
1913 06 -0.3842
1913 07 -0.3572
1913 08 -0.3312
1913 09 -0.3583
1913 10 -0.3150
1913 11 -0.1400
1913 12 -0.0407
1914 01 0.0938
1914 02 -0.1194
1914 03 -0.1640
1914 04 -0.2505
1914 05 -0.1685
1914 06 -0.1979
1914 07 -0.2109
1914 08 -0.1753
1914 09 -0.1840
1914 10 -0.0982
1914 11 -0.1256
1914 12 -0.1018
1915 01 -0.1391
1915 02 -0.0162
1915 03 -0.1127
1915 04 0.0185
1915 05 -0.0730
1915 06 -0.0875
1915 07 -0.0311
1915 08 -0.0765
1915 09 -0.1146
1915 10 -0.1744
1915 11 -0.0147
1915 12 -0.0511
1916 01 -0.1780
1916 02 -0.1767
1916 03 -0.3012
1916 04 -0.2008
1916 05 -0.2252
1916 06 -0.3849
1916 07 -0.2884
1916 08 -0.2769
1916 09 -0.2607
1916 10 -0.2662
1916 11 -0.3954
1916 12 -0.5753
1917 01 -0.4267
1917 02 -0.4737
1917 03 -0.4262
1917 04 -0.3140
1917 05 -0.4500
1917 06 -0.3427
1917 07 -0.1725
1917 08 -0.1731
1917 09 -0.0588
1917 10 -0.2627
1917 11 -0.1336
1917 12 -0.5360
1918 01 -0.2119
1918 02 -0.2846
1918 03 -0.1733
1918 04 -0.2953
1918 05 -0.2788
1918 06 -0.1764
1918 07 -0.1976
1918 08 -0.1702
1918 09 -0.1441
1918 10 -0.0949
1918 11 -0.1129
1918 12 -0.3173
1919 01 -0.2398
1919 02 -0.0557
1919 03 -0.2390
1919 04 -0.0715
1919 05 -0.1815
1919 06 -0.2339
1919 07 -0.2122
1919 08 -0.2068
1919 09 -0.1790
1919 10 -0.2183
1919 11 -0.3176
1919 12 -0.2955
1920 01 -0.1165
1920 02 -0.2277
1920 03 -0.0604
1920 04 -0.2114
1920 05 -0.1694
1920 06 -0.2570
1920 07 -0.2430
1920 08 -0.2276
1920 09 -0.1756
1920 10 -0.2100
1920 11 -0.2516
1920 12 -0.3869
1921 01 -0.0560
1921 02 -0.1470
1921 03 -0.2163
1921 04 -0.2038
1921 05 -0.1869
1921 06 -0.1616
1921 07 -0.1098
1921 08 -0.1905
1921 09 -0.1459
1921 10 -0.0634
1921 11 -0.1830
1921 12 -0.0806
1922 01 -0.3183
1922 02 -0.2895
1922 03 -0.0766
1922 04 -0.1250
1922 05 -0.2606
1922 06 -0.2784
1922 07 -0.2585
1922 08 -0.2722
1922 09 -0.2492
1922 10 -0.2442
1922 11 -0.1896
1922 12 -0.1505
1923 01 -0.2105
1923 02 -0.3719
1923 03 -0.2652
1923 04 -0.3311
1923 05 -0.2449
1923 06 -0.1915
1923 07 -0.2740
1923 08 -0.2758
1923 09 -0.2394
1923 10 -0.1552
1923 11 0.0350
1923 12 0.0096
1924 01 -0.2457
1924 02 -0.1809
1924 03 -0.1105
1924 04 -0.2412
1924 05 -0.1975
1924 06 -0.2217
1924 07 -0.2116
1924 08 -0.2822
1924 09 -0.2777
1924 10 -0.2833
1924 11 -0.2912
1924 12 -0.3946
1925 01 -0.3152
1925 02 -0.2733
1925 03 -0.1652
1925 04 -0.1606
1925 05 -0.2157
1925 06 -0.2240
1925 07 -0.2029
1925 08 -0.1307
1925 09 -0.0974
1925 10 -0.1257
1925 11 0.0643
1925 12 0.1405
1926 01 0.1728
1926 02 0.0875
1926 03 0.0816
1926 04 -0.1216
1926 05 -0.1238
1926 06 -0.1166
1926 07 -0.1513
1926 08 -0.0803
1926 09 -0.0980
1926 10 -0.0756
1926 11 -0.0713
1926 12 -0.2024
1927 01 -0.1648
1927 02 -0.1811
1927 03 -0.2486
1927 04 -0.2115
1927 05 -0.2204
1927 06 -0.1939
1927 07 -0.0939
1927 08 -0.1053
1927 09 -0.0197
1927 10 0.0245
1927 11 -0.0332
1927 12 -0.3031
1928 01 -0.0647
1928 02 -0.1332
1928 03 -0.2575
1928 04 -0.2406
1928 05 -0.1786
1928 06 -0.2714
1928 07 -0.1736
1928 08 -0.1928
1928 09 -0.1808
1928 10 -0.1180
1928 11 -0.0651
1928 12 -0.1612
1929 01 -0.4757
1929 02 -0.5347
1929 03 -0.2586
1929 04 -0.2967
1929 05 -0.2875
1929 06 -0.2713
1929 07 -0.2686
1929 08 -0.2050
1929 09 -0.2079
1929 10 -0.1142
1929 11 -0.0936
1929 12 -0.5038
1930 01 -0.3380
1930 02 -0.2024
1930 03 -0.0431
1930 04 -0.1946
1930 05 -0.1946
1930 06 -0.0735
1930 07 -0.0555
1930 08 -0.0751
1930 09 -0.0986
1930 10 0.0073
1930 11 0.1447
1930 12 0.0105
1931 01 -0.0496
1931 02 -0.2190
1931 03 -0.0048
1931 04 -0.1621
1931 05 -0.1545
1931 06 -0.0216
1931 07 -0.0148
1931 08 -0.0107
1931 09 -0.0071
1931 10 0.0151
1931 11 -0.1132
1931 12 -0.1073
1932 01 0.1602
1932 02 -0.1744
1932 03 -0.1808
1932 04 -0.0377
1932 05 -0.1653
1932 06 -0.1576
1932 07 -0.1068
1932 08 -0.1779
1932 09 -0.0744
1932 10 -0.0918
1932 11 -0.1981
1932 12 -0.1881
1933 01 -0.3092
1933 02 -0.3139
1933 03 -0.2474
1933 04 -0.2050
1933 05 -0.2070
1933 06 -0.1985
1933 07 -0.1795
1933 08 -0.1862
1933 09 -0.2195
1933 10 -0.1853
1933 11 -0.2563
1933 12 -0.4083
1934 01 -0.3126
1934 02 -0.0212
1934 03 -0.2579
1934 04 -0.2339
1934 05 -0.0453
1934 06 -0.0076
1934 07 -0.0929
1934 08 -0.0559
1934 09 -0.1244
1934 10 -0.0702
1934 11 0.0056
1934 12 -0.0252
1935 01 -0.2920
1935 02 0.1652
1935 03 -0.1508
1935 04 -0.2591
1935 05 -0.2048
1935 06 -0.1724
1935 07 -0.1155
1935 08 -0.1002
1935 09 -0.0901
1935 10 -0.0138
1935 11 -0.2708
1935 12 -0.1765
1936 01 -0.2558
1936 02 -0.3158
1936 03 -0.2109
1936 04 -0.1806
1936 05 -0.1174
1936 06 -0.1067
1936 07 -0.0108
1936 08 -0.0530
1936 09 -0.0393
1936 10 -0.0229
1936 11 -0.0260
1936 12 -0.0190
1937 01 -0.1708
1937 02 0.0385
1937 03 -0.1840
1937 04 -0.1278
1937 05 -0.0224
1937 06 0.0109
1937 07 -0.0019
1937 08 0.0911
1937 09 0.1288
1937 10 0.1121
1937 11 0.0086
1937 12 -0.0887
1938 01 -0.0374
1938 02 -0.0539
1938 03 0.0318
1938 04 0.0416
1938 05 -0.0196
1938 06 -0.0923
1938 07 -0.0489
1938 08 -0.0174
1938 09 0.0315
1938 10 0.0732
1938 11 0.0055
1938 12 -0.2550
1939 01 -0.1624
1939 02 -0.1087
1939 03 -0.1867
1939 04 -0.1299
1939 05 -0.0355
1939 06 -0.0104
1939 07 0.0068
1939 08 0.0577
1939 09 0.0125
1939 10 -0.0407
1939 11 0.0471
1939 12 0.4091
1940 01 -0.1237
1940 02 0.0494
1940 03 0.0647
1940 04 0.1251
1940 05 0.0535
1940 06 0.1049
1940 07 0.1466
1940 08 0.0943
1940 09 0.1486
1940 10 0.1019
1940 11 0.1003
1940 12 0.2704
1941 01 0.1774
1941 02 0.2241
1941 03 0.1021
1941 04 0.2209
1941 05 0.2435
1941 06 0.1609
1941 07 0.2046
1941 08 0.1732
1941 09 0.0853
1941 10 0.3127
1941 11 0.2209
1941 12 0.2092
1942 01 0.2961
1942 02 0.0931
1942 03 0.1750
1942 04 0.1881
1942 05 0.1627
1942 06 0.2077
1942 07 0.0756
1942 08 0.0401
1942 09 0.1155
1942 10 0.1432
1942 11 0.1646
1942 12 0.1439
1943 01 -0.0332
1943 02 0.1624
1943 03 0.0745
1943 04 0.1690
1943 05 0.1289
1943 06 0.0221
1943 07 0.1836
1943 08 0.0953
1943 09 0.1428
1943 10 0.3086
1943 11 0.2468
1943 12 0.3583
1944 01 0.4281
1944 02 0.2977
1944 03 0.3640
1944 04 0.2635
1944 05 0.2616
1944 06 0.3362
1944 07 0.3102
1944 08 0.2736
1944 09 0.3894
1944 10 0.3165
1944 11 0.1467
1944 12 0.0970
1945 01 0.1548
1945 02 0.0180
1945 03 0.1080
1945 04 0.2786
1945 05 0.1731
1945 06 0.1427
1945 07 0.1663
1945 08 0.3606
1945 09 0.2620
1945 10 0.2647
1945 11 0.1995
1945 12 -0.0477
1946 01 0.2265
1946 02 0.0886
1946 03 0.0017
1946 04 0.1769
1946 05 -0.0286
1946 06 -0.1007
1946 07 -0.0342
1946 08 -0.0687
1946 09 -0.0170
1946 10 -0.0091
1946 11 -0.0137
1946 12 -0.2676
1947 01 -0.1889
1947 02 -0.0786
1947 03 -0.0124
1947 04 0.0158
1947 05 -0.0200
1947 06 0.0173
1947 07 -0.0147
1947 08 -0.0621
1947 09 -0.1292
1947 10 0.0560
1947 11 -0.0237
1947 12 -0.1454
1948 01 0.0522
1948 02 -0.0920
1948 03 -0.1868
1948 04 -0.0627
1948 05 0.1503
1948 06 -0.0120
1948 07 -0.0575
1948 08 -0.0229
1948 09 -0.1007
1948 10 -0.0636
1948 11 -0.0583
1948 12 -0.1102
1949 01 0.1223
1949 02 -0.1463
1949 03 -0.0710
1949 04 0.0095
1949 05 -0.0053
1949 06 -0.1480
1949 07 -0.0753
1949 08 -0.0197
1949 09 -0.0676
1949 10 -0.0295
1949 11 -0.0516
1949 12 -0.1804
1950 01 -0.2768
1950 02 -0.2372
1950 03 -0.0832
1950 04 -0.1677
1950 05 -0.0511
1950 06 -0.0553
1950 07 -0.1031
1950 08 -0.1370
1950 09 -0.1016
1950 10 -0.1647
1950 11 -0.3604
1950 12 -0.1801
1951 01 -0.2885
1951 02 -0.4079
1951 03 -0.1669
1951 04 -0.0850
1951 05 0.0582
1951 06 0.0379
1951 07 0.1107
1951 08 0.1151
1951 09 0.1369
1951 10 0.1100
1951 11 0.0275
1951 12 0.2173
1952 01 0.1553
1952 02 0.0956
1952 03 -0.0441
1952 04 0.0696
1952 05 0.0382
1952 06 0.0422
1952 07 0.0732
1952 08 0.0670
1952 09 0.0680
1952 10 -0.0325
1952 11 -0.1939
1952 12 -0.0065
1953 01 0.1050
1953 02 0.1558
1953 03 0.1568
1953 04 0.1901
1953 05 0.1471
1953 06 0.1260
1953 07 0.0699
1953 08 0.0823
1953 09 0.0660
1953 10 0.0751
1953 11 -0.0597
1953 12 0.0591
1954 01 -0.2328
1954 02 -0.0840
1954 03 -0.0879
1954 04 -0.1728
1954 05 -0.1975
1954 06 -0.1134
1954 07 -0.1201
1954 08 -0.0849
1954 09 -0.0550
1954 10 -0.0666
1954 11 0.0425
1954 12 -0.1837
1955 01 0.0918
1955 02 -0.1278
1955 03 -0.3053
1955 04 -0.2346
1955 05 -0.1238
1955 06 -0.0669
1955 07 -0.0864
1955 08 -0.0225
1955 09 -0.0901
1955 10 -0.1227
1955 11 -0.2357
1955 12 -0.2685
1956 01 -0.1738
1956 02 -0.2689
1956 03 -0.1955
1956 04 -0.2813
1956 05 -0.2245
1956 06 -0.1417
1956 07 -0.1336
1956 08 -0.1845
1956 09 -0.2506
1956 10 -0.1991
1956 11 -0.1540
1956 12 -0.1524
1957 01 -0.1183
1957 02 -0.1091
1957 03 -0.0643
1957 04 -0.0150
1957 05 0.1122
1957 06 0.1622
1957 07 0.0631
1957 08 0.1324
1957 09 0.0761
1957 10 0.0153
1957 11 0.1309
1957 12 0.2308
1958 01 0.2991
1958 02 0.2114
1958 03 0.1220
1958 04 0.1172
1958 05 0.1060
1958 06 0.0658
1958 07 0.0664
1958 08 0.0563
1958 09 0.0218
1958 10 0.0434
1958 11 0.0940
1958 12 0.1466
1959 01 0.1290
1959 02 0.0710
1959 03 0.2078
1959 04 0.1211
1959 05 0.0306
1959 06 0.0880
1959 07 0.0696
1959 08 0.0543
1959 09 0.1002
1959 10 -0.0094
1959 11 -0.0755
1959 12 -0.0314
1960 01 0.0056
1960 02 0.1873
1960 03 -0.2012
1960 04 -0.0929
1960 05 -0.0820
1960 06 0.0802
1960 07 0.0358
1960 08 0.0476
1960 09 0.0652
1960 10 0.0406
1960 11 -0.0465
1960 12 0.2296
1961 01 0.1219
1961 02 0.1792
1961 03 0.1666
1961 04 0.1357
1961 05 0.1638
1961 06 0.1509
1961 07 0.0367
1961 08 0.0335
1961 09 -0.0054
1961 10 -0.0331
1961 11 0.0167
1961 12 -0.0159
1962 01 0.1363
1962 02 0.1711
1962 03 0.1217
1962 04 0.0794
1962 05 0.0612
1962 06 0.0596
1962 07 0.0923
1962 08 0.0581
1962 09 0.0643
1962 10 0.0798
1962 11 0.0778
1962 12 0.0886
1963 01 0.0390
1963 02 0.2580
1963 03 -0.0212
1963 04 -0.0014
1963 05 0.0135
1963 06 0.0486
1963 07 0.1375
1963 08 0.1582
1963 09 0.1650
1963 10 0.2138
1963 11 0.1961
1963 12 0.0828
1964 01 0.0507
1964 02 -0.1029
1964 03 -0.1401
1964 04 -0.1812
1964 05 -0.0963
1964 06 -0.0907
1964 07 -0.1108
1964 08 -0.1663
1964 09 -0.2067
1964 10 -0.2628
1964 11 -0.2014
1964 12 -0.2633
1965 01 -0.0683
1965 02 -0.1950
1965 03 -0.0985
1965 04 -0.1849
1965 05 -0.0748
1965 06 -0.0419
1965 07 -0.0832
1965 08 -0.0464
1965 09 -0.0489
1965 10 0.0248
1965 11 -0.0890
1965 12 -0.0116
1966 01 -0.0458
1966 02 -0.0362
1966 03 -0.0010
1966 04 -0.0891
1966 05 -0.0330
1966 06 0.0587
1966 07 0.0668
1966 08 0.0212
1966 09 0.0268
1966 10 -0.0583
1966 11 -0.0443
1966 12 -0.1241
1967 01 -0.1055
1967 02 -0.1649
1967 03 0.0050
1967 04 0.0078
1967 05 0.1270
1967 06 -0.0285
1967 07 -0.0183
1967 08 -0.0041
1967 09 -0.0312
1967 10 0.1306
1967 11 -0.0224
1967 12 -0.0414
1968 01 -0.1863
1968 02 -0.1260
1968 03 0.1516
1968 04 -0.0688
1968 05 -0.0787
1968 06 -0.0153
1968 07 -0.0222
1968 08 -0.0158
1968 09 -0.0109
1968 10 0.0473
1968 11 0.0168
1968 12 -0.0421
1969 01 -0.1299
1969 02 -0.1023
1969 03 0.1197
1969 04 0.1949
1969 05 0.1763
1969 06 0.0763
1969 07 0.0929
1969 08 0.0980
1969 09 0.0865
1969 10 0.0723
1969 11 0.1940
1969 12 0.2494
1970 01 0.1228
1970 02 0.2373
1970 03 0.0350
1970 04 0.1331
1970 05 0.0422
1970 06 0.0282
1970 07 -0.0222
1970 08 -0.0184
1970 09 0.0093
1970 10 -0.0359
1970 11 0.0230
1970 12 -0.0944
1971 01 -0.0040
1971 02 -0.2132
1971 03 -0.1384
1971 04 -0.1289
1971 05 -0.0895
1971 06 -0.1259
1971 07 -0.0634
1971 08 -0.0703
1971 09 -0.0420
1971 10 -0.0743
1971 11 0.0388
1971 12 -0.0199
1972 01 -0.2394
1972 02 -0.1617
1972 03 0.0048
1972 04 0.0382
1972 05 0.0175
1972 06 0.0782
1972 07 0.0665
1972 08 0.0914
1972 09 0.0224
1972 10 0.0913
1972 11 0.0801
1972 12 0.2535
1973 01 0.2591
1973 02 0.3733
1973 03 0.3315
1973 04 0.2526
1973 05 0.2159
1973 06 0.1970
1973 07 0.1165
1973 08 0.0784
1973 09 0.0546
1973 10 0.0446
1973 11 0.0234
1973 12 0.0266
1974 01 -0.1937
1974 02 -0.2536
1974 03 -0.0489
1974 04 -0.0413
1974 05 -0.0231
1974 06 -0.0381
1974 07 0.0181
1974 08 0.0132
1974 09 -0.0421
1974 10 -0.0805
1974 11 -0.0662
1974 12 -0.0971
1975 01 0.1202
1975 02 0.0329
1975 03 0.1106
1975 04 0.0794
1975 05 0.0701
1975 06 0.0351
1975 07 0.0037
1975 08 -0.0683
1975 09 0.0179
1975 10 -0.1230
1975 11 -0.1431
1975 12 -0.0898
1976 01 -0.0173
1976 02 -0.1207
1976 03 -0.2351
1976 04 -0.0209
1976 05 -0.1211
1976 06 -0.0738
1976 07 -0.0863
1976 08 -0.0901
1976 09 -0.0441
1976 10 -0.1824
1976 11 -0.0403
1976 12 0.0913
1977 01 0.0644
1977 02 0.2380
1977 03 0.3111
1977 04 0.2838
1977 05 0.2387
1977 06 0.2467
1977 07 0.1716
1977 08 0.1419
1977 09 0.1872
1977 10 0.1184
1977 11 0.2611
1977 12 0.1120
1978 01 0.1617
1978 02 0.1297
1978 03 0.2245
1978 04 0.1341
1978 05 0.0613
1978 06 0.0523
1978 07 0.0680
1978 08 0.0039
1978 09 0.0739
1978 10 0.0644
1978 11 0.2275
1978 12 0.1517
1979 01 0.1611
1979 02 0.0904
1979 03 0.2444
1979 04 0.1123
1979 05 0.1564
1979 06 0.2156
1979 07 0.1728
1979 08 0.2250
1979 09 0.2511
1979 10 0.2938
1979 11 0.2951
1979 12 0.5034
1980 01 0.3095
1980 02 0.3522
1980 03 0.2409
1980 04 0.3096
1980 05 0.3181
1980 06 0.2462
1980 07 0.2174
1980 08 0.1946
1980 09 0.2010
1980 10 0.1837
1980 11 0.3319
1980 12 0.2677
1981 01 0.4689
1981 02 0.3641
1981 03 0.4111
1981 04 0.3575
1981 05 0.2636
1981 06 0.2839
1981 07 0.2259
1981 08 0.2433
1981 09 0.1877
1981 10 0.1699
1981 11 0.2153
1981 12 0.4206
1982 01 0.1354
1982 02 0.1583
1982 03 0.0848
1982 04 0.2057
1982 05 0.1923
1982 06 0.1239
1982 07 0.1423
1982 08 0.1408
1982 09 0.2362
1982 10 0.1785
1982 11 0.1497
1982 12 0.4380
1983 01 0.5174
1983 02 0.4835
1983 03 0.4272
1983 04 0.2936
1983 05 0.2934
1983 06 0.2658
1983 07 0.2644
1983 08 0.3255
1983 09 0.3181
1983 10 0.2128
1983 11 0.4325
1983 12 0.2751
1984 01 0.2843
1984 02 0.1755
1984 03 0.2727
1984 04 0.1503
1984 05 0.2845
1984 06 0.1305
1984 07 0.1179
1984 08 0.1676
1984 09 0.1422
1984 10 0.1173
1984 11 0.0387
1984 12 -0.0933
1985 01 0.1778
1985 02 0.0194
1985 03 0.1877
1985 04 0.1484
1985 05 0.1952
1985 06 0.1265
1985 07 0.0758
1985 08 0.1269
1985 09 0.1002
1985 10 0.1291
1985 11 0.1171
1985 12 0.1979
1986 01 0.3227
1986 02 0.2779
1986 03 0.2951
1986 04 0.2596
1986 05 0.2503
1986 06 0.2509
1986 07 0.1654
1986 08 0.1663
1986 09 0.1699
1986 10 0.2037
1986 11 0.1547
1986 12 0.2168
1987 01 0.3106
1987 02 0.5013
1987 03 0.2541
1987 04 0.3002
1987 05 0.3319
1987 06 0.3002
1987 07 0.4185
1987 08 0.3828
1987 09 0.4329
1987 10 0.3342
1987 11 0.3291
1987 12 0.5313
1988 01 0.5493
1988 02 0.3901
1988 03 0.4833
1988 04 0.4424
1988 05 0.3809
1988 06 0.3854
1988 07 0.3417
1988 08 0.3192
1988 09 0.3173
1988 10 0.2991
1988 11 0.2281
1988 12 0.3609
1989 01 0.2151
1989 02 0.3052
1989 03 0.3360
1989 04 0.2902
1989 05 0.2780
1989 06 0.2722
1989 07 0.3011
1989 08 0.3013
1989 09 0.3031
1989 10 0.3034
1989 11 0.2530
1989 12 0.3992
1990 01 0.3623
1990 02 0.4057
1990 03 0.7320
1990 04 0.4915
1990 05 0.4282
1990 06 0.4105
1990 07 0.3447
1990 08 0.3474
1990 09 0.3137
1990 10 0.4266
1990 11 0.4770
1990 12 0.4462
1991 01 0.4508
1991 02 0.4648
1991 03 0.3660
1991 04 0.5164
1991 05 0.4105
1991 06 0.4802
1991 07 0.4416
1991 08 0.3845
1991 09 0.3834
1991 10 0.3271
1991 11 0.3175
1991 12 0.3031
1992 01 0.4697
1992 02 0.4484
1992 03 0.4342
1992 04 0.2907
1992 05 0.3252
1992 06 0.2793
1992 07 0.1326
1992 08 0.1359
1992 09 0.0614
1992 10 0.1150
1992 11 0.0904
1992 12 0.2833
1993 01 0.3842
1993 02 0.3956
1993 03 0.4218
1993 04 0.3149
1993 05 0.3431
1993 06 0.2914
1993 07 0.2317
1993 08 0.2092
1993 09 0.1688
1993 10 0.2415
1993 11 0.0930
1993 12 0.3163
1994 01 0.2897
1994 02 0.0789
1994 03 0.3549
1994 04 0.3588
1994 05 0.3800
1994 06 0.3815
1994 07 0.3104
1994 08 0.3059
1994 09 0.3282
1994 10 0.4261
1994 11 0.4520
1994 12 0.4009
1995 01 0.5486
1995 02 0.6890
1995 03 0.4649
1995 04 0.4097
1995 05 0.3549
1995 06 0.4649
1995 07 0.4264
1995 08 0.5013
1995 09 0.3848
1995 10 0.4355
1995 11 0.4533
1995 12 0.3449
1996 01 0.2624
1996 02 0.4562
1996 03 0.3256
1996 04 0.2717
1996 05 0.3865
1996 06 0.3514
1996 07 0.3211
1996 08 0.3165
1996 09 0.2629
1996 10 0.2247
1996 11 0.2805
1996 12 0.3869
1997 01 0.3753
1997 02 0.4291
1997 03 0.4615
1997 04 0.4513
1997 05 0.4184
1997 06 0.5298
1997 07 0.5049
1997 08 0.5397
1997 09 0.6186
1997 10 0.6417
1997 11 0.5829
1997 12 0.6240
1998 01 0.6007
1998 02 0.8617
1998 03 0.6360
1998 04 0.7314
1998 05 0.6645
1998 06 0.6624
1998 07 0.7287
1998 08 0.6776
1998 09 0.5222
1998 10 0.4919
1998 11 0.4083
1998 12 0.5788
1999 01 0.4991
1999 02 0.6705
1999 03 0.3695
1999 04 0.4562
1999 05 0.4061
1999 06 0.4171
1999 07 0.3976
1999 08 0.3658
1999 09 0.3961
1999 10 0.3727
1999 11 0.3655
1999 12 0.5759
2000 01 0.3426
2000 02 0.5406
2000 03 0.5545
2000 04 0.6286
2000 05 0.4665
2000 06 0.4048
2000 07 0.3913
2000 08 0.4533
2000 09 0.4334
2000 10 0.3011
2000 11 0.2563
2000 12 0.3175
2001 01 0.4714
2001 02 0.3924
2001 03 0.6303
2001 04 0.5658
2001 05 0.5992
2001 06 0.5338
2001 07 0.5556
2001 08 0.6006
2001 09 0.5017
2001 10 0.4958
2001 11 0.6843
2001 12 0.5094
2002 01 0.6990
2002 02 0.7834
2002 03 0.7885
2002 04 0.5707
2002 05 0.5640
2002 06 0.5852
2002 07 0.6186
2002 08 0.5330
2002 09 0.5642
2002 10 0.4749
2002 11 0.5884
2002 12 0.4346
2003 01 0.6898
2003 02 0.5624
2003 03 0.5688
2003 04 0.5605
2003 05 0.5961
2003 06 0.5385
2003 07 0.5412
2003 08 0.6191
2003 09 0.6398
2003 10 0.7258
2003 11 0.5766
2003 12 0.7355
2004 01 0.5960
2004 02 0.7223
2004 03 0.6994
2004 04 0.5937
2004 05 0.4463
2004 06 0.4678
2004 07 0.4810
2004 08 0.5131
2004 09 0.5316
2004 10 0.6165
2004 11 0.7583
2004 12 0.5103
2005 01 0.6248
2005 02 0.5173
2005 03 0.6937
2005 04 0.7307
2005 05 0.6572
2005 06 0.6692
2005 07 0.6558
2005 08 0.6228
2005 09 0.6865
2005 10 0.6889
2005 11 0.7256
2005 12 0.6209
2006 01 0.4631
2006 02 0.6211
2006 03 0.5943
2006 04 0.5179
2006 05 0.5492
2006 06 0.6347
2006 07 0.6177
2006 08 0.6192
2006 09 0.6282
2006 10 0.6781
2006 11 0.6411
2006 12 0.7634
2007 01 0.8801
2007 02 0.6608
2007 03 0.6671
2007 04 0.7356
2007 05 0.6080
2007 06 0.5348
2007 07 0.5273
2007 08 0.5478
2007 09 0.5756
2007 10 0.5625
2007 11 0.5137
2007 12 0.4812
2008 01 0.2716
2008 02 0.3746
2008 03 0.7583
2008 04 0.4813
2008 05 0.4986
2008 06 0.5269
2008 07 0.5718
2008 08 0.5543
2008 09 0.5269
2008 10 0.6643
2008 11 0.6670
2008 12 0.5598
2009 01 0.5903
2009 02 0.5611
2009 03 0.5754
2009 04 0.6510
2009 05 0.5862
2009 06 0.6692
2009 07 0.6354
2009 08 0.6962
2009 09 0.7058
2009 10 0.6410
2009 11 0.6699
2009 12 0.6150
2010 01 0.6950
2010 02 0.7107
2010 03 0.8461
2010 04 0.8292
2010 05 0.7578
2010 06 0.7331
2010 07 0.7248
2010 08 0.6558
2010 09 0.5696
2010 10 0.6227
2010 11 0.7684
2010 12 0.4837
2011 01 0.4633
2011 02 0.4905
2011 03 0.5876
2011 04 0.6500
2011 05 0.5736
2011 06 0.6408
2011 07 0.6249
2011 08 0.6107
2011 09 0.5950
2011 10 0.6308
2011 11 0.4833
2011 12 0.5429
2012 01 0.4191
2012 02 0.4199
2012 03 0.5183
2012 04 0.7270
2012 05 0.7168
2012 06 0.6980
2012 07 0.6825
2012 08 0.6635
2012 09 0.7190
2012 10 0.6945
2012 11 0.7030
2012 12 0.4573
2013 01 0.5798
2013 02 0.6294
2013 03 0.6082
2013 04 0.5583
2013 05 0.7111
2013 06 0.6782
2013 07 0.6611
2013 08 0.6583
2013 09 0.6794
2013 10 0.6747
2013 11 0.8235
2013 12 0.6920
2014 01 0.6870
2014 02 0.4747
2014 03 0.7676
2014 04 0.7973
2014 05 0.7889
2014 06 0.7568
2014 07 0.6932
2014 08 0.7917
2014 09 0.7846
2014 10 0.7794
2014 11 0.6846
2014 12 0.8263
2015 01 0.8172
2015 02 0.8820
2015 03 0.8955
2015 04 0.7738
2015 05 0.8566
2015 06 0.8806
2015 07 0.8061
2015 08 0.8715
2015 09 0.9211
2015 10 0.9861
2015 11 0.9646
2015 12 1.1178
2016 01 1.0480
2016 02 1.1914
2016 03 1.2237
2016 04 1.0713
2016 05 0.8766
2016 06 0.9015
2016 07 0.8719
