Glob al Land and Ocean Temperature Anomalies
Unit s: Degrees Celsius
Base  P riod: 1901-2000
Year ,V lue
1880 01 -0.0091
1880 02 -0.1303
1880 03 -0.1433
1880 04 -0.0594
1880 05 -0.0854
1880 06 -0.1784
1880 07 -0.1616
1880 08 -0.0853
1880 09 -0.0950
1880 10 -0.1926
1880 11 -0.2771
1880 12 -0.0913
1881 01 -0.0276
1881 02 -0.0375
1881 03 0.0228
1881 04 0.0615
1881 05 0.0153
1881 06 -0.0994
1881 07 -0.0448
1881 08 -0.0592
1881 09 -0.1903
1881 10 -0.2326
1881 11 -0.2280
1881 12 -0.0557
1882 01 0.0808
1882 02 0.0304
1882 03 0.0676
1882 04 -0.1329
1882 05 -0.1565
1882 06 -0.1478
1882 07 -0.0739
1882 08 -0.0149
1882 09 0.0000
1882 10 -0.2203
1882 11 -0.1363
1882 12 -0.1779
1883 01 -0.2761
1883 02 -0.2983
1883 03 -0.1364
1883 04 -0.1794
1883 05 -0.1497
1883 06 -0.0146
1883 07 -0.0909
1883 08 -0.0590
1883 09 -0.1553
1883 10 -0.1709
1883 11 -0.1773
1883 12 -0.0861
1884 01 -0.1943
1884 02 -0.1529
1884 03 -0.2158
1884 04 -0.1909
1884 05 -0.1390
1884 06 -0.2058
1884 07 -0.3100
1884 08 -0.2804
1884 09 -0.2357
1884 10 -0.1821
1884 11 -0.2787
1884 12 -0.1578
1885 01 -0.4352
1885 02 -0.2655
1885 03 -0.1557
1885 04 -0.2649
1885 05 -0.2894
1885 06 -0.3191
1885 07 -0.2460
1885 08 -0.2506
1885 09 -0.2055
1885 10 -0.1378
1885 11 -0.1341
1885 12 0.0407
1886 01 -0.1149
1886 02 -0.2847
1886 03 -0.2885
1886 04 -0.1749
1886 05 -0.1624
1886 06 -0.2514
1886 07 -0.1660
1886 08 -0.2209
1886 09 -0.1988
1886 10 -0.2333
1886 11 -0.1998
1886 12 -0.1671
1887 01 -0.3846
1887 02 -0.3804
1887 03 -0.1684
1887 04 -0.1970
1887 05 -0.2418
1887 06 -0.2229
1887 07 -0.2734
1887 08 -0.3192
1887 09 -0.1903
1887 10 -0.3039
1887 11 -0.1665
1887 12 -0.2063
1888 01 -0.3990
1888 02 -0.3363
1888 03 -0.3134
1888 04 -0.1829
1888 05 -0.1675
1888 06 -0.1042
1888 07 -0.1266
1888 08 -0.1690
1888 09 -0.0725
1888 10 0.0103
1888 11 -0.0502
1888 12 0.0374
1889 01 -0.1021
1889 02 0.0041
1889 03 0.1127
1889 04 0.0438
1889 05 -0.0335
1889 06 -0.0760
1889 07 -0.1643
1889 08 -0.1500
1889 09 -0.2348
1889 10 -0.2003
1889 11 -0.2889
1889 12 -0.1846
1890 01 -0.3657
1890 02 -0.4370
1890 03 -0.3154
1890 04 -0.2695
1890 05 -0.3918
1890 06 -0.3016
1890 07 -0.2900
1890 08 -0.3335
1890 09 -0.3544
1890 10 -0.3021
1890 11 -0.3476
1890 12 -0.2452
1891 01 -0.3897
1891 02 -0.5290
1891 03 -0.2206
1891 04 -0.2632
1891 05 -0.1433
1891 06 -0.2079
1891 07 -0.2231
1891 08 -0.2314
1891 09 -0.1568
1891 10 -0.2980
1891 11 -0.3983
1891 12 -0.0457
1892 01 -0.2484
1892 02 -0.1350
1892 03 -0.3137
1892 04 -0.3157
1892 05 -0.3047
1892 06 -0.2886
1892 07 -0.3542
1892 08 -0.3407
1892 09 -0.2303
1892 10 -0.2543
1892 11 -0.4754
1892 12 -0.4764
1893 01 -0.6818
1893 02 -0.6178
1893 03 -0.2261
1893 04 -0.3475
1893 05 -0.3398
1893 06 -0.2378
1893 07 -0.2007
1893 08 -0.3270
1893 09 -0.2635
1893 10 -0.2124
1893 11 -0.1658
1893 12 -0.2508
1894 01 -0.4368
1894 02 -0.2224
1894 03 -0.2064
1894 04 -0.3045
1894 05 -0.3033
1894 06 -0.3506
1894 07 -0.2747
1894 08 -0.2727
1894 09 -0.2540
1894 10 -0.2149
1894 11 -0.2971
1894 12 -0.2398
1895 01 -0.4407
1895 02 -0.4169
1895 03 -0.2862
1895 04 -0.1834
1895 05 -0.2061
1895 06 -0.2972
1895 07 -0.1998
1895 08 -0.2225
1895 09 -0.1307
1895 10 -0.1294
1895 11 -0.1560
1895 12 -0.0686
1896 01 -0.1042
1896 02 -0.0787
1896 03 -0.2088
1896 04 -0.2616
1896 05 -0.1015
1896 06 -0.0887
1896 07 -0.0457
1896 08 -0.0681
1896 09 -0.0646
1896 10 -0.0050
1896 11 -0.1630
1896 12 0.0517
1897 01 -0.1853
1897 02 -0.1103
1897 03 -0.1850
1897 04 -0.0031
1897 05 -0.0226
1897 06 -0.0995
1897 07 -0.0382
1897 08 -0.0724
1897 09 -0.0248
1897 10 -0.1584
1897 11 -0.2386
1897 12 -0.2946
1898 01 -0.0399
1898 02 -0.2799
1898 03 -0.6563
1898 04 -0.3498
1898 05 -0.2945
1898 06 -0.2082
1898 07 -0.2391
1898 08 -0.2272
1898 09 -0.1998
1898 10 -0.3232
1898 11 -0.2409
1898 12 -0.0066
1899 01 -0.1025
1899 02 -0.2838
1899 03 -0.2601
1899 04 -0.1948
1899 05 -0.1196
1899 06 -0.1977
1899 07 -0.1238
1899 08 -0.0629
1899 09 -0.0270
1899 10 -0.0257
1899 11 0.1286
1899 12 -0.1685
1900 01 -0.2457
1900 02 -0.0971
1900 03 -0.0470
1900 04 -0.0968
1900 05 -0.0401
1900 06 -0.0487
1900 07 -0.0717
1900 08 -0.0706
1900 09 -0.0626
1900 10 0.0446
1900 11 -0.1389
1900 12 0.0284
1901 01 -0.1275
1901 02 -0.0799
1901 03 -0.0334
1901 04 -0.0666
1901 05 -0.1270
1901 06 -0.1339
1901 07 -0.1543
1901 08 -0.1324
1901 09 -0.2089
1901 10 -0.2809
1901 11 -0.1428
1901 12 -0.2390
1902 01 -0.0925
1902 02 -0.0404
1902 03 -0.2031
1902 04 -0.2726
1902 05 -0.2660
1902 06 -0.3389
1902 07 -0.2918
1902 08 -0.2642
1902 09 -0.2376
1902 10 -0.2860
1902 11 -0.3456
1902 12 -0.3714
1903 01 -0.2144
1903 02 -0.0876
1903 03 -0.2823
1903 04 -0.3570
1903 05 -0.3922
1903 06 -0.3798
1903 07 -0.3314
1903 08 -0.4310
1903 09 -0.3758
1903 10 -0.4368
1903 11 -0.3938
1903 12 -0.3872
1904 01 -0.5410
1904 02 -0.4669
1904 03 -0.5125
1904 04 -0.4715
1904 05 -0.4304
1904 06 -0.4414
1904 07 -0.4590
1904 08 -0.4270
1904 09 -0.4639
1904 10 -0.4073
1904 11 -0.1668
1904 12 -0.2433
1905 01 -0.3560
1905 02 -0.6192
1905 03 -0.3928
1905 04 -0.4508
1905 05 -0.2920
1905 06 -0.2461
1905 07 -0.1870
1905 08 -0.2199
1905 09 -0.2187
1905 10 -0.2937
1905 11 -0.0894
1905 12 -0.1292
1906 01 -0.1707
1906 02 -0.2339
1906 03 -0.1435
1906 04 -0.0451
1906 05 -0.2135
1906 06 -0.1688
1906 07 -0.2403
1906 08 -0.2295
1906 09 -0.2991
1906 10 -0.2752
1906 11 -0.3636
1906 12 -0.1616
1907 01 -0.3447
1907 02 -0.4013
1907 03 -0.2757
1907 04 -0.3528
1907 05 -0.4690
1907 06 -0.3751
1907 07 -0.3492
1907 08 -0.3344
1907 09 -0.3388
1907 10 -0.3017
1907 11 -0.5052
1907 12 -0.3917
1908 01 -0.3592
1908 02 -0.3750
1908 03 -0.6055
1908 04 -0.4803
1908 05 -0.3989
1908 06 -0.4045
1908 07 -0.3844
1908 08 -0.4767
1908 09 -0.3939
1908 10 -0.5144
1908 11 -0.4827
1908 12 -0.3802
1909 01 -0.5490
1909 02 -0.4567
1909 03 -0.5403
1909 04 -0.5261
1909 05 -0.4513
1909 06 -0.4155
1909 07 -0.4331
1909 08 -0.3045
1909 09 -0.3607
1909 10 -0.3917
1909 11 -0.2746
1909 12 -0.4072
1910 01 -0.3043
1910 02 -0.3591
1910 03 -0.4226
1910 04 -0.3395
1910 05 -0.3030
1910 06 -0.3526
1910 07 -0.3241
1910 08 -0.3299
1910 09 -0.3290
1910 10 -0.4164
1910 11 -0.4943
1910 12 -0.5633
1911 01 -0.5104
1911 02 -0.5301
1911 03 -0.5709
1911 04 -0.5079
1911 05 -0.4725
1911 06 -0.4359
1911 07 -0.4585
1911 08 -0.4483
1911 09 -0.3902
1911 10 -0.3347
1911 11 -0.2489
1911 12 -0.2346
1912 01 -0.2731
1912 02 -0.1088
1912 03 -0.3079
1912 04 -0.1991
1912 05 -0.2224
1912 06 -0.2553
1912 07 -0.3122
1912 08 -0.4458
1912 09 -0.4825
1912 10 -0.5147
1912 11 -0.4117
1912 12 -0.3530
1913 01 -0.3490
1913 02 -0.3843
1913 03 -0.4059
1913 04 -0.3459
1913 05 -0.3930
1913 06 -0.3765
1913 07 -0.3494
1913 08 -0.3231
1913 09 -0.3511
1913 10 -0.3080
1913 11 -0.1308
1913 12 -0.0349
1914 01 0.0986
1914 02 -0.1150
1914 03 -0.1580
1914 04 -0.2455
1914 05 -0.1610
1914 06 -0.1914
1914 07 -0.2039
1914 08 -0.1699
1914 09 -0.1762
1914 10 -0.0912
1914 11 -0.1171
1914 12 -0.0966
1915 01 -0.1352
1915 02 -0.0095
1915 03 -0.1019
1915 04 0.0240
1915 05 -0.0651
1915 06 -0.0818
1915 07 -0.0257
1915 08 -0.0696
1915 09 -0.1095
1915 10 -0.1692
1915 11 -0.0089
1915 12 -0.0484
1916 01 -0.1767
1916 02 -0.1725
1916 03 -0.2940
1916 04 -0.1955
1916 05 -0.2196
1916 06 -0.3807
1916 07 -0.2843
1916 08 -0.2727
1916 09 -0.2574
1916 10 -0.2612
1916 11 -0.3912
1916 12 -0.5720
1917 01 -0.4226
1917 02 -0.4684
1917 03 -0.4253
1917 04 -0.3109
1917 05 -0.4442
1917 06 -0.3377
1917 07 -0.1659
1917 08 -0.1689
1917 09 -0.0554
1917 10 -0.2580
1917 11 -0.1290
1917 12 -0.5299
1918 01 -0.2102
1918 02 -0.2862
1918 03 -0.1781
1918 04 -0.2941
1918 05 -0.2755
1918 06 -0.1740
1918 07 -0.1954
1918 08 -0.1708
1918 09 -0.1424
1918 10 -0.0924
1918 11 -0.1093
1918 12 -0.3171
1919 01 -0.2370
1919 02 -0.0533
1919 03 -0.2360
1919 04 -0.0670
1919 05 -0.1789
1919 06 -0.2306
1919 07 -0.2087
1919 08 -0.2069
1919 09 -0.1766
1919 10 -0.2168
1919 11 -0.3155
1919 12 -0.2951
1920 01 -0.1142
1920 02 -0.2261
1920 03 -0.0589
1920 04 -0.2089
1920 05 -0.1682
1920 06 -0.2548
1920 07 -0.2419
1920 08 -0.2281
1920 09 -0.1735
1920 10 -0.2072
1920 11 -0.2493
1920 12 -0.3845
1921 01 -0.0553
1921 02 -0.1476
1921 03 -0.2171
1921 04 -0.2029
1921 05 -0.1873
1921 06 -0.1644
1921 07 -0.1095
1921 08 -0.1908
1921 09 -0.1448
1921 10 -0.0626
1921 11 -0.1818
1921 12 -0.0797
1922 01 -0.3199
1922 02 -0.2894
1922 03 -0.0759
1922 04 -0.1251
1922 05 -0.2610
1922 06 -0.2792
1922 07 -0.2568
1922 08 -0.2738
1922 09 -0.2509
1922 10 -0.2447
1922 11 -0.1879
1922 12 -0.1529
1923 01 -0.2108
1923 02 -0.3736
1923 03 -0.2620
1923 04 -0.3323
1923 05 -0.2459
1923 06 -0.1899
1923 07 -0.2751
1923 08 -0.2756
1923 09 -0.2399
1923 10 -0.1540
1923 11 0.0343
1923 12 0.0087
1924 01 -0.2462
1924 02 -0.1804
1924 03 -0.1099
1924 04 -0.2393
1924 05 -0.1844
1924 06 -0.2205
1924 07 -0.2132
1924 08 -0.2838
1924 09 -0.2782
1924 10 -0.2824
1924 11 -0.2908
1924 12 -0.3921
1925 01 -0.3120
1925 02 -0.2713
1925 03 -0.1627
1925 04 -0.1583
1925 05 -0.2128
1925 06 -0.2226
1925 07 -0.2009
1925 08 -0.1288
1925 09 -0.0955
1925 10 -0.1205
1925 11 0.0662
1925 12 0.1465
1926 01 0.1750
1926 02 0.0899
1926 03 0.0827
1926 04 -0.1231
1926 05 -0.1247
1926 06 -0.1166
1926 07 -0.1519
1926 08 -0.0816
1926 09 -0.0983
1926 10 -0.0756
1926 11 -0.0715
1926 12 -0.2018
1927 01 -0.1659
1927 02 -0.1816
1927 03 -0.2498
1927 04 -0.2138
1927 05 -0.2164
1927 06 -0.1966
1927 07 -0.0987
1927 08 -0.1102
1927 09 -0.0212
1927 10 0.0255
1927 11 -0.0330
1927 12 -0.3004
1928 01 -0.0697
1928 02 -0.1361
1928 03 -0.2583
1928 04 -0.2394
1928 05 -0.1778
1928 06 -0.2723
1928 07 -0.1711
1928 08 -0.1936
1928 09 -0.1825
1928 10 -0.1163
1928 11 -0.0642
1928 12 -0.1606
1929 01 -0.4739
1929 02 -0.5376
1929 03 -0.2612
1929 04 -0.2939
1929 05 -0.2834
1929 06 -0.2733
1929 07 -0.2710
1929 08 -0.2077
1929 09 -0.2084
1929 10 -0.1148
1929 11 -0.0956
1929 12 -0.5062
1930 01 -0.3423
1930 02 -0.2061
1930 03 -0.0455
1930 04 -0.1944
1930 05 -0.1969
1930 06 -0.0774
1930 07 -0.0611
1930 08 -0.0806
1930 09 -0.1016
1930 10 0.0023
1930 11 0.1418
1930 12 0.0085
1931 01 -0.0469
1931 02 -0.2191
1931 03 -0.0053
1931 04 -0.1596
1931 05 -0.1526
1931 06 -0.0194
1931 07 -0.0140
1931 08 0.0065
1931 09 0.0049
1931 10 0.0144
1931 11 -0.1109
1931 12 -0.1059
1932 01 0.1561
1932 02 -0.1746
1932 03 -0.1814
1932 04 -0.0345
1932 05 -0.1689
1932 06 -0.1584
1932 07 -0.1220
1932 08 -0.1745
1932 09 -0.0681
1932 10 -0.0901
1932 11 -0.1937
1932 12 -0.1864
1933 01 -0.3083
1933 02 -0.3134
1933 03 -0.2469
1933 04 -0.2042
1933 05 -0.2104
1933 06 -0.1988
1933 07 -0.1804
1933 08 -0.1877
1933 09 -0.2203
1933 10 -0.1864
1933 11 -0.2552
1933 12 -0.4079
1934 01 -0.3127
1934 02 -0.0217
1934 03 -0.2575
1934 04 -0.2345
1934 05 -0.0469
1934 06 -0.0078
1934 07 -0.0950
1934 08 -0.0569
1934 09 -0.1264
1934 10 -0.0695
1934 11 0.0031
1934 12 -0.0277
1935 01 -0.2928
1935 02 0.1640
1935 03 -0.1518
1935 04 -0.2578
1935 05 -0.2051
1935 06 -0.1731
1935 07 -0.1157
1935 08 -0.1015
1935 09 -0.0911
1935 10 -0.0098
1935 11 -0.2677
1935 12 -0.1745
1936 01 -0.2542
1936 02 -0.3159
1936 03 -0.2108
1936 04 -0.1825
1936 05 -0.1156
1936 06 -0.1076
1936 07 -0.0122
1936 08 -0.0551
1936 09 -0.0403
1936 10 -0.0243
1936 11 -0.0273
1936 12 -0.0189
1937 01 -0.1711
1937 02 0.0372
1937 03 -0.1827
1937 04 -0.1269
1937 05 -0.0200
1937 06 0.0086
1937 07 -0.0019
1937 08 0.0900
1937 09 0.1304
1937 10 0.1125
1937 11 0.0091
1937 12 -0.0895
1938 01 -0.0370
1938 02 -0.0529
1938 03 0.0334
1938 04 0.0442
1938 05 -0.0185
1938 06 -0.0907
1938 07 -0.0487
1938 08 -0.0141
1938 09 0.0323
1938 10 0.0795
1938 11 0.0063
1938 12 -0.2516
1939 01 -0.1646
1939 02 -0.1079
1939 03 -0.1879
1939 04 -0.1320
1939 05 -0.0382
1939 06 -0.0106
1939 07 0.0037
1939 08 0.0544
1939 09 0.0073
1939 10 -0.0432
1939 11 0.0472
1939 12 0.4080
1940 01 -0.1197
1940 02 0.0488
1940 03 0.0675
1940 04 0.1254
1940 05 0.0515
1940 06 0.0982
1940 07 0.1400
1940 08 0.0926
1940 09 0.1457
1940 10 0.0993
1940 11 0.0990
1940 12 0.2704
1941 01 0.1815
1941 02 0.2314
1941 03 0.1037
1941 04 0.2208
1941 05 0.2400
1941 06 0.1621
1941 07 0.2060
1941 08 0.1743
1941 09 0.0873
1941 10 0.3119
1941 11 0.2206
1941 12 0.2079
1942 01 0.3007
1942 02 0.1011
1942 03 0.1753
1942 04 0.1886
1942 05 0.1626
1942 06 0.2066
1942 07 0.0783
1942 08 0.0405
1942 09 0.1129
1942 10 0.1468
1942 11 0.1672
1942 12 0.1495
1943 01 -0.0285
1943 02 0.1702
1943 03 0.0775
1943 04 0.1704
1943 05 0.1316
1943 06 0.0254
1943 07 0.1883
1943 08 0.1003
1943 09 0.1451
1943 10 0.3134
1943 11 0.2472
1943 12 0.3551
1944 01 0.4225
1944 02 0.3057
1944 03 0.3661
1944 04 0.2701
1944 05 0.2695
1944 06 0.3385
1944 07 0.3154
1944 08 0.2757
1944 09 0.3848
1944 10 0.3190
1944 11 0.1496
1944 12 0.1009
1945 01 0.1607
1945 02 0.0154
1945 03 0.1116
1945 04 0.2775
1945 05 0.1776
1945 06 0.1442
1945 07 0.1649
1945 08 0.3552
1945 09 0.2594
1945 10 0.2628
1945 11 0.1976
1945 12 -0.0478
1946 01 0.2258
1946 02 0.0885
1946 03 0.0013
1946 04 0.1751
1946 05 -0.0318
1946 06 -0.1042
1946 07 -0.0362
1946 08 -0.0699
1946 09 -0.0200
1946 10 -0.0130
1946 11 -0.0146
1946 12 -0.2698
1947 01 -0.1897
1947 02 -0.0797
1947 03 -0.0125
1947 04 0.0114
1947 05 -0.0238
1947 06 0.0164
1947 07 -0.0199
1947 08 -0.0639
1947 09 -0.1274
1947 10 0.0564
1947 11 -0.0245
1947 12 -0.1468
1948 01 0.0536
1948 02 -0.0943
1948 03 -0.1880
1948 04 -0.0648
1948 05 0.1434
1948 06 -0.0142
1948 07 -0.0623
1948 08 -0.0238
1948 09 -0.1018
1948 10 -0.0662
1948 11 -0.0597
1948 12 -0.1126
1949 01 0.1194
1949 02 -0.1467
1949 03 -0.0721
1949 04 0.0085
1949 05 -0.0065
1949 06 -0.1450
1949 07 -0.0726
1949 08 -0.0204
1949 09 -0.0672
1949 10 -0.0315
1949 11 -0.0522
1949 12 -0.1822
1950 01 -0.2728
1950 02 -0.2326
1950 03 -0.0850
1950 04 -0.1695
1950 05 -0.0523
1950 06 -0.0548
1950 07 -0.1004
1950 08 -0.1366
1950 09 -0.1034
1950 10 -0.1645
1950 11 -0.3585
1950 12 -0.1777
1951 01 -0.2884
1951 02 -0.4064
1951 03 -0.1665
1951 04 -0.0855
1951 05 0.0565
1951 06 0.0363
1951 07 0.1085
1951 08 0.1151
1951 09 0.1345
1951 10 0.1083
1951 11 0.0256
1951 12 0.2139
1952 01 0.1516
1952 02 0.0914
1952 03 -0.0462
1952 04 0.0661
1952 05 0.0356
1952 06 0.0409
1952 07 0.0738
1952 08 0.0653
1952 09 0.0667
1952 10 -0.0370
1952 11 -0.1956
1952 12 -0.0067
1953 01 0.1049
1953 02 0.1562
1953 03 0.1552
1953 04 0.1842
1953 05 0.1466
1953 06 0.1275
1953 07 0.0676
1953 08 0.0825
1953 09 0.0644
1953 10 0.0705
1953 11 -0.0615
1953 12 0.0553
1954 01 -0.2358
1954 02 -0.0866
1954 03 -0.0915
1954 04 -0.1756
1954 05 -0.2019
1954 06 -0.1158
1954 07 -0.1223
1954 08 -0.0906
1954 09 -0.0589
1954 10 -0.0686
1954 11 0.0398
1954 12 -0.1853
1955 01 0.0896
1955 02 -0.1292
1955 03 -0.3072
1955 04 -0.2379
1955 05 -0.1257
1955 06 -0.0687
1955 07 -0.0866
1955 08 -0.0252
1955 09 -0.0924
1955 10 -0.1250
1955 11 -0.2361
1955 12 -0.2705
1956 01 -0.1755
1956 02 -0.2718
1956 03 -0.1974
1956 04 -0.2830
1956 05 -0.2263
1956 06 -0.1445
1956 07 -0.1348
1956 08 -0.1870
1956 09 -0.2530
1956 10 -0.2008
1956 11 -0.1563
1956 12 -0.1548
1957 01 -0.1189
1957 02 -0.1119
1957 03 -0.0666
1957 04 -0.0182
1957 05 0.1090
1957 06 0.1607
1957 07 0.0615
1957 08 0.1294
1957 09 0.0726
1957 10 0.0126
1957 11 0.1275
1957 12 0.2272
1958 01 0.2959
1958 02 0.2092
1958 03 0.1190
1958 04 0.1149
1958 05 0.1037
1958 06 0.0653
1958 07 0.0653
1958 08 0.0558
1958 09 0.0195
1958 10 0.0400
1958 11 0.0909
1958 12 0.1443
1959 01 0.1249
1959 02 0.0695
1959 03 0.2051
1959 04 0.1191
1959 05 0.0277
1959 06 0.0854
1959 07 0.0676
1959 08 0.0515
1959 09 0.0970
1959 10 -0.0142
1959 11 -0.0772
1959 12 -0.0344
1960 01 0.0042
1960 02 0.1868
1960 03 -0.2027
1960 04 -0.0947
1960 05 -0.0844
1960 06 0.0783
1960 07 0.0349
1960 08 0.0467
1960 09 0.0627
1960 10 0.0379
1960 11 -0.0484
1960 12 0.2261
1961 01 0.1190
1961 02 0.1771
1961 03 0.1637
1961 04 0.1325
1961 05 0.1611
1961 06 0.1475
1961 07 0.0337
1961 08 0.0311
1961 09 -0.0077
1961 10 -0.0352
1961 11 0.0145
1961 12 -0.0179
1962 01 0.1342
1962 02 0.1701
1962 03 0.1189
1962 04 0.0765
1962 05 0.0577
1962 06 0.0573
1962 07 0.0902
1962 08 0.0555
1962 09 0.0617
1962 10 0.0768
1962 11 0.0752
1962 12 0.0870
1963 01 0.0385
1963 02 0.2564
1963 03 -0.0235
1963 04 -0.0035
1963 05 0.0114
1963 06 0.0472
1963 07 0.1361
1963 08 0.1550
1963 09 0.1623
1963 10 0.2106
1963 11 0.1921
1963 12 0.0800
1964 01 0.0476
1964 02 -0.1053
1964 03 -0.1438
1964 04 -0.1854
1964 05 -0.0988
1964 06 -0.0937
1964 07 -0.1121
1964 08 -0.1684
1964 09 -0.2100
1964 10 -0.2662
1964 11 -0.2050
1964 12 -0.2653
1965 01 -0.0723
1965 02 -0.1974
1965 03 -0.1011
1965 04 -0.1884
1965 05 -0.0770
1965 06 -0.0454
1965 07 -0.0853
1965 08 -0.0499
1965 09 -0.0527
1965 10 0.0212
1965 11 -0.0922
1965 12 -0.0139
1966 01 -0.0476
1966 02 -0.0402
1966 03 -0.0041
1966 04 -0.0940
1966 05 -0.0375
1966 06 0.0560
1966 07 0.0635
1966 08 0.0185
1966 09 0.0229
1966 10 -0.0614
1966 11 -0.0478
1966 12 -0.1269
1967 01 -0.1097
1967 02 -0.1681
1967 03 0.0006
1967 04 0.0041
1967 05 0.1233
1967 06 -0.0337
1967 07 -0.0214
1967 08 -0.0083
1967 09 -0.0352
1967 10 0.1262
1967 11 -0.0259
1967 12 -0.0439
1968 01 -0.1893
1968 02 -0.1297
1968 03 0.1478
1968 04 -0.0726
1968 05 -0.0827
1968 06 -0.0192
1968 07 -0.0248
1968 08 -0.0181
1968 09 -0.0141
1968 10 0.0436
1968 11 0.0144
1968 12 -0.0448
1969 01 -0.1323
1969 02 -0.1071
1969 03 0.1168
1969 04 0.1917
1969 05 0.1730
1969 06 0.0740
1969 07 0.0886
1969 08 0.0952
1969 09 0.0828
1969 10 0.0677
1969 11 0.1899
1969 12 0.2453
1970 01 0.1199
1970 02 0.2343
1970 03 0.0316
1970 04 0.1308
1970 05 0.0398
1970 06 0.0252
1970 07 -0.0244
1970 08 -0.0222
1970 09 0.0050
1970 10 -0.0399
1970 11 0.0197
1970 12 -0.0964
1971 01 -0.0078
1971 02 -0.2167
1971 03 -0.1398
1971 04 -0.1299
1971 05 -0.0909
1971 06 -0.1298
1971 07 -0.0660
1971 08 -0.0714
1971 09 -0.0444
1971 10 -0.0775
1971 11 0.0361
1971 12 -0.0208
1972 01 -0.2413
1972 02 -0.1644
1972 03 0.0021
1972 04 0.0362
1972 05 0.0153
1972 06 0.0768
1972 07 0.0640
1972 08 0.0880
1972 09 0.0194
1972 10 0.0883
1972 11 0.0775
1972 12 0.2518
1973 01 0.2565
1973 02 0.3702
1973 03 0.3283
1973 04 0.2504
1973 05 0.2138
1973 06 0.1944
1973 07 0.1153
1973 08 0.0765
1973 09 0.0524
1973 10 0.0423
1973 11 0.0203
1973 12 0.0251
1974 01 -0.1954
1974 02 -0.2564
1974 03 -0.0519
1974 04 -0.0451
1974 05 -0.0263
1974 06 -0.0414
1974 07 0.0163
1974 08 0.0103
1974 09 -0.0455
1974 10 -0.0831
1974 11 -0.0699
1974 12 -0.0999
1975 01 0.1174
1975 02 0.0298
1975 03 0.1082
1975 04 0.0771
1975 05 0.0673
1975 06 0.0326
1975 07 0.0016
1975 08 -0.0710
1975 09 0.0147
1975 10 -0.1259
1975 11 -0.1472
1975 12 -0.0929
1976 01 -0.0198
1976 02 -0.1248
1976 03 -0.2377
1976 04 -0.0246
1976 05 -0.1245
1976 06 -0.0761
1976 07 -0.0893
1976 08 -0.0932
1976 09 -0.0470
1976 10 -0.1866
1976 11 -0.0438
1976 12 0.0878
1977 01 0.0617
1977 02 0.2360
1977 03 0.3066
1977 04 0.2818
1977 05 0.2357
1977 06 0.2445
1977 07 0.1688
1977 08 0.1388
1977 09 0.1844
1977 10 0.1146
1977 11 0.2578
1977 12 0.1102
1978 01 0.1593
1978 02 0.1263
1978 03 0.2209
1978 04 0.1305
1978 05 0.0589
1978 06 0.0502
1978 07 0.0662
1978 08 0.0018
1978 09 0.0724
1978 10 0.0610
1978 11 0.2246
1978 12 0.1501
1979 01 0.1599
1979 02 0.0891
1979 03 0.2428
1979 04 0.1105
1979 05 0.1548
1979 06 0.2149
1979 07 0.1719
1979 08 0.2236
1979 09 0.2497
1979 10 0.2922
1979 11 0.2942
1979 12 0.5024
1980 01 0.3085
1980 02 0.3508
1980 03 0.2397
1980 04 0.3082
1980 05 0.3168
1980 06 0.2449
1980 07 0.2159
1980 08 0.1934
1980 09 0.1998
1980 10 0.1808
1980 11 0.3300
1980 12 0.2654
1981 01 0.4666
1981 02 0.3617
1981 03 0.4086
1981 04 0.3570
1981 05 0.2619
1981 06 0.2823
1981 07 0.2249
1981 08 0.2416
1981 09 0.1850
1981 10 0.1677
1981 11 0.2135
1981 12 0.4193
1982 01 0.1337
1982 02 0.1578
1982 03 0.0818
1982 04 0.2026
1982 05 0.1905
1982 06 0.1216
1982 07 0.1409
1982 08 0.1377
1982 09 0.2329
1982 10 0.1762
1982 11 0.1483
1982 12 0.4345
1983 01 0.5170
1983 02 0.4816
1983 03 0.4256
1983 04 0.2922
1983 05 0.2872
1983 06 0.2650
1983 07 0.2642
1983 08 0.3209
1983 09 0.3163
1983 10 0.2108
1983 11 0.4302
1983 12 0.2724
1984 01 0.2835
1984 02 0.1725
1984 03 0.2701
1984 04 0.1485
1984 05 0.2819
1984 06 0.1299
1984 07 0.1157
1984 08 0.1656
1984 09 0.1400
1984 10 0.1152
1984 11 0.0364
1984 12 -0.0938
1985 01 0.1780
1985 02 0.0159
1985 03 0.1858
1985 04 0.1473
1985 05 0.1945
1985 06 0.1259
1985 07 0.0755
1985 08 0.1256
1985 09 0.0985
1985 10 0.1277
1985 11 0.1154
1985 12 0.1962
1986 01 0.3234
1986 02 0.2773
1986 03 0.2933
1986 04 0.2591
1986 05 0.2490
1986 06 0.2509
1986 07 0.1654
1986 08 0.1645
1986 09 0.1672
1986 10 0.2030
1986 11 0.1529
1986 12 0.2144
1987 01 0.3098
1987 02 0.5026
1987 03 0.2534
1987 04 0.3040
1987 05 0.3337
1987 06 0.2987
1987 07 0.4143
1987 08 0.3803
1987 09 0.4288
1987 10 0.3318
1987 11 0.3272
1987 12 0.5280
1988 01 0.5458
1988 02 0.3874
1988 03 0.4808
1988 04 0.4396
1988 05 0.3767
1988 06 0.3822
1988 07 0.3377
1988 08 0.3164
1988 09 0.3140
1988 10 0.2953
1988 11 0.2242
1988 12 0.3588
1989 01 0.2119
1989 02 0.3030
1989 03 0.3299
1989 04 0.2837
1989 05 0.2744
1989 06 0.2705
1989 07 0.2991
1989 08 0.2985
1989 09 0.2994
1989 10 0.3005
1989 11 0.2486
1989 12 0.3950
1990 01 0.3561
1990 02 0.4006
1990 03 0.7278
1990 04 0.4879
1990 05 0.4234
1990 06 0.4066
1990 07 0.3406
1990 08 0.3428
1990 09 0.3089
1990 10 0.4214
1990 11 0.4725
1990 12 0.4411
1991 01 0.4477
1991 02 0.4615
1991 03 0.3646
1991 04 0.5149
1991 05 0.4085
1991 06 0.4786
1991 07 0.4393
1991 08 0.3826
1991 09 0.3817
1991 10 0.3242
1991 11 0.3129
1991 12 0.3002
1992 01 0.4681
1992 02 0.4452
1992 03 0.4324
1992 04 0.2904
1992 05 0.3246
1992 06 0.2806
1992 07 0.1317
1992 08 0.1345
1992 09 0.0588
1992 10 0.1112
1992 11 0.0878
1992 12 0.2814
1993 01 0.3798
1993 02 0.3932
1993 03 0.4183
1993 04 0.3112
1993 05 0.3406
1993 06 0.2899
1993 07 0.2291
1993 08 0.2062
1993 09 0.1662
1993 10 0.2400
1993 11 0.0893
1993 12 0.3122
1994 01 0.2860
1994 02 0.0741
1994 03 0.3516
1994 04 0.3522
1994 05 0.3766
1994 06 0.3772
1994 07 0.3078
1994 08 0.3027
1994 09 0.3257
1994 10 0.4212
1994 11 0.4452
1994 12 0.3978
1995 01 0.5467
1995 02 0.6846
1995 03 0.4614
1995 04 0.4065
1995 05 0.3534
1995 06 0.4611
1995 07 0.4234
1995 08 0.4966
1995 09 0.3814
1995 10 0.4317
1995 11 0.4493
1995 12 0.3424
1996 01 0.2579
1996 02 0.4510
1996 03 0.3213
1996 04 0.2684
1996 05 0.3845
1996 06 0.3482
1996 07 0.3194
1996 08 0.3148
1996 09 0.2597
1996 10 0.2239
1996 11 0.2787
1996 12 0.3843
1997 01 0.3718
1997 02 0.4249
1997 03 0.4588
1997 04 0.4515
1997 05 0.4205
1997 06 0.5287
1997 07 0.5028
1997 08 0.5411
1997 09 0.6185
1997 10 0.6425
1997 11 0.5835
1997 12 0.6265
1998 01 0.6037
1998 02 0.8623
1998 03 0.6357
1998 04 0.7307
1998 05 0.6657
1998 06 0.6625
1998 07 0.7286
1998 08 0.6767
1998 09 0.5223
1998 10 0.4915
1998 11 0.4079
1998 12 0.5783
1999 01 0.4988
1999 02 0.6703
1999 03 0.3697
1999 04 0.4573
1999 05 0.4058
1999 06 0.4160
1999 07 0.3992
1999 08 0.3643
1999 09 0.3964
1999 10 0.3746
1999 11 0.3668
1999 12 0.5744
2000 01 0.3426
2000 02 0.5401
2000 03 0.5558
2000 04 0.6288
2000 05 0.4632
2000 06 0.4048
2000 07 0.3912
2000 08 0.4532
2000 09 0.4321
2000 10 0.3001
2000 11 0.2564
2000 12 0.3167
2001 01 0.4711
2001 02 0.3919
2001 03 0.6278
2001 04 0.5634
2001 05 0.5986
2001 06 0.5328
2001 07 0.5553
2001 08 0.5983
2001 09 0.5007
2001 10 0.4955
2001 11 0.6842
2001 12 0.5099
2002 01 0.6955
2002 02 0.7827
2002 03 0.7875
2002 04 0.5687
2002 05 0.5635
2002 06 0.5831
2002 07 0.6194
2002 08 0.5326
2002 09 0.5653
2002 10 0.4757
2002 11 0.5887
2002 12 0.4347
2003 01 0.6894
2003 02 0.5619
2003 03 0.5669
2003 04 0.5577
2003 05 0.5947
2003 06 0.5390
2003 07 0.5388
2003 08 0.6179
2003 09 0.6374
2003 10 0.7254
2003 11 0.5765
2003 12 0.7347
2004 01 0.5962
2004 02 0.7218
2004 03 0.6985
2004 04 0.5922
2004 05 0.4442
2004 06 0.4678
2004 07 0.4784
2004 08 0.5123
2004 09 0.5302
2004 10 0.6165
2004 11 0.7584
2004 12 0.5096
2005 01 0.6254
2005 02 0.5153
2005 03 0.6881
2005 04 0.7290
2005 05 0.6564
2005 06 0.6698
2005 07 0.6544
2005 08 0.6217
2005 09 0.6851
2005 10 0.6892
2005 11 0.7254
2005 12 0.6191
2006 01 0.4598
2006 02 0.6220
2006 03 0.5971
2006 04 0.5181
2006 05 0.5511
2006 06 0.6355
2006 07 0.6193
2006 08 0.6234
2006 09 0.6292
2006 10 0.6766
2006 11 0.6418
2006 12 0.7643
2007 01 0.8830
2007 02 0.6609
2007 03 0.6677
2007 04 0.7337
2007 05 0.6084
2007 06 0.5334
2007 07 0.5280
2007 08 0.5495
2007 09 0.5756
2007 10 0.5634
2007 11 0.5167
2007 12 0.4858
2008 01 0.2733
2008 02 0.3754
2008 03 0.7612
2008 04 0.4815
2008 05 0.5014
2008 06 0.5269
2008 07 0.5757
2008 08 0.5551
2008 09 0.5285
2008 10 0.6663
2008 11 0.6669
2008 12 0.5606
2009 01 0.5933
2009 02 0.5654
2009 03 0.5769
2009 04 0.6510
2009 05 0.5859
2009 06 0.6696
2009 07 0.6378
2009 08 0.6962
2009 09 0.7054
2009 10 0.6399
2009 11 0.6687
2009 12 0.6130
2010 01 0.7018
2010 02 0.7080
2010 03 0.8455
2010 04 0.8266
2010 05 0.7601
2010 06 0.7337
2010 07 0.7280
2010 08 0.6542
2010 09 0.5695
2010 10 0.6214
2010 11 0.7687
2010 12 0.4813
2011 01 0.4676
2011 02 0.4935
2011 03 0.5874
2011 04 0.6486
2011 05 0.5735
2011 06 0.6421
2011 07 0.6249
2011 08 0.6116
2011 09 0.5945
2011 10 0.6331
2011 11 0.4830
2011 12 0.5444
2012 01 0.4215
2012 02 0.4231
2012 03 0.5223
2012 04 0.7298
2012 05 0.7183
2012 06 0.6992
2012 07 0.6816
2012 08 0.6632
2012 09 0.7187
2012 10 0.6965
2012 11 0.7035
2012 12 0.4576
2013 01 0.5832
2013 02 0.6328
2013 03 0.6101
2013 04 0.5573
2013 05 0.7107
2013 06 0.6806
2013 07 0.6660
2013 08 0.6618
2013 09 0.6801
2013 10 0.6747
2013 11 0.8251
2013 12 0.6969
2014 01 0.6958
2014 02 0.4807
2014 03 0.7708
2014 04 0.8006
2014 05 0.7912
2014 06 0.7590
2014 07 0.6941
2014 08 0.7920
2014 09 0.7869
2014 10 0.7830
2014 11 0.6896
2014 12 0.8309
2015 01 0.8156
2015 02 0.8853
2015 03 0.8991
2015 04 0.7760
2015 05 0.8594
2015 06 0.8816
2015 07 0.8073
2015 08 0.8740
2015 09 0.9237
2015 10 0.9930
2015 11 0.9687
2015 12 1.1248
2016 01 1.0490
2016 02 1.2117
