             GLOBAL Land-Ocean Temperature Index in .01 C      base period: 1951-1980

                  sources: GHCN 1880-1/2008 + SST:   1880-11/1981 HadISST1
                                                   12/1981-1/2008 Reynolds v2
                    using elimination of outliers and homogeneity adjustment
                    Notes: 1950 DJF = Dec 1949 - Feb 1950 ;  ***** = missing

                                                                     AnnMean
Year   Jan  Feb  Mar  Apr  May  Jun  Jul  Aug  Sep  Oct  Nov  Dec    J-D D-N    DJF  MAM  JJA  SON  Year
1880   -23  -20  -23  -25  -30  -40  -21  -19  -20  -27  -30  -22    -25****  *****  -26  -26  -26  1880
1881   -28  -22   -2   -6   -4  -33  -10  -13  -29  -29  -33  -25    -20 -19    -24   -4  -18  -31  1881
1882    -7    6   -9  -27  -23  -30  -27  -16  -24  -36  -30  -48    -23 -21     -9  -20  -24  -30  1882
1883   -41  -36  -17  -17  -24   -9  -10  -19  -29  -29  -30  -23    -24 -26    -42  -20  -13  -29  1883
1884   -22  -16  -32  -38  -32  -37  -27  -26  -32  -33  -34  -32    -30 -29    -20  -34  -30  -33  1884
1885   -60  -32  -19  -35  -36  -41  -24  -27  -27  -26  -27  -13    -31 -32    -41  -30  -31  -26  1885
1886   -42  -39  -33  -16  -16  -29   -2  -18  -20  -34  -25  -28    -25 -24    -31  -22  -16  -26  1886
1887   -62  -51  -38  -39  -25  -25   -9  -29  -26  -42  -39  -38    -35 -34    -47  -34  -21  -36  1887
1888   -38  -46  -46  -34  -25  -25  -22  -25  -21  -12   -3  -21    -26 -28    -41  -35  -24  -12  1888
1889   -13    8   -4   -2   -5  -11  -17  -22  -23  -29  -35  -29    -15 -15     -9   -4  -17  -29  1889
1890   -45  -41  -31  -33  -44  -36  -29  -33  -38  -26  -52  -35    -37 -36    -38  -36  -32  -39  1890
1891   -45  -52  -18  -31  -20  -22  -26  -22  -19  -25  -40  -13    -28 -30    -44  -23  -23  -28  1891
1892   -39   -8  -34  -44  -30  -21  -33  -29  -23  -33  -42  -47    -32 -29    -20  -36  -28  -33  1892
1893   -87  -53  -16  -31  -36  -26  -11  -25  -24  -16  -21  -34    -32 -33    -63  -28  -20  -21  1893
1894   -49  -33  -21  -39  -33  -41  -20  -25  -37  -29  -39  -30    -33 -33    -39  -31  -29  -35  1894
1895   -54  -52  -30  -28  -30  -24  -21  -21  -13  -17  -12  -20    -27 -28    -45  -29  -22  -14  1895
1896   -20  -16  -29  -38  -15  -13  -10  -14  -13   -2  -17  -13    -17 -17    -19  -27  -13  -10  1896
1897   -21  -14  -18   -5   -1  -15   -2   -8  -15  -18  -19  -12    -12 -12    -16   -8   -8  -17  1897
1898     6  -23  -48  -26  -34  -20  -17  -16  -21  -32  -39  -26    -25 -24    -10  -36  -18  -31  1898
1899   -22  -36  -27  -21  -19  -22  -14  -11  -12   -5   13  -28    -17 -17    -28  -22  -16   -1  1899
1900   -32    2   -2  -11   -6   -8  -11  -11   -7   -2  -16  -10    -10 -11    -19   -6  -10   -8  1900

Year   Jan  Feb  Mar  Apr  May  Jun  Jul  Aug  Sep  Oct  Nov  Dec    J-D D-N    DJF  MAM  JJA  SON  Year
1901   -20   -1    1   -1  -13  -15  -18  -19  -26  -24  -24  -28    -16 -14    -10   -4  -17  -25  1901
1902   -16    0  -24  -29  -31  -29  -18  -28  -29  -32  -42  -46    -27 -25    -14  -28  -25  -34  1902
1903   -24    5  -14  -38  -34  -43  -28  -39  -45  -42  -31  -42    -31 -31    -22  -29  -36  -39  1903
1904   -51  -45  -30  -41  -39  -37  -34  -31  -41  -30  -11  -20    -34 -36    -46  -37  -34  -27  1904
1905   -30  -50  -18  -32  -27  -25  -19  -18  -19  -27   -8  -20    -25 -24    -33  -26  -21  -18  1905
1906   -30  -30  -21   -4  -22  -13  -21  -10  -24  -15  -35  -12    -20 -21    -27  -16  -15  -25  1906
1907   -45  -44  -25  -42  -49  -41  -37  -37  -29  -26  -43  -44    -38 -36    -34  -38  -38  -33  1907
1908   -41  -22  -48  -42  -31  -26  -22  -33  -23  -33  -41  -40    -34 -34    -36  -41  -27  -32  1908
1909   -58  -35  -45  -45  -39  -37  -33  -24  -25  -22  -20  -40    -35 -35    -44  -43  -31  -22  1909
1910   -28  -30  -34  -30  -34  -36  -21  -26  -30  -32  -41  -56    -33 -32    -33  -33  -28  -34  1910
1911   -52  -45  -48  -48  -40  -36  -25  -29  -25  -21  -16  -19    -34 -37    -51  -45  -30  -21  1911
1912   -22  -16  -35  -20  -23  -23  -39  -53  -50  -53  -34  -35    -33 -32    -19  -26  -38  -45  1912
1913   -39  -35  -35  -35  -40  -45  -35  -30  -30  -32  -19   -3    -31 -34    -36  -36  -36  -27  1913
1914    -6  -11  -21  -27  -18  -20  -17  -13  -18    0  -16  -15    -15 -14     -6  -22  -17  -11  1914
1915   -21   -6  -13    2    1    2    0  -14   -5  -20   -9  -20     -9  -8    -14   -3   -4  -12  1915
1916   -15  -16  -32  -26  -33  -34  -27  -22  -29  -21  -40  -66    -30 -26    -17  -30  -28  -30  1916
1917   -43  -53  -47  -40  -54  -38  -18  -23  -18  -38  -32  -70    -39 -39    -54  -47  -26  -30  1917
1918   -48  -41  -27  -43  -44  -31  -29  -37  -23   -8  -20  -32    -32 -35    -53  -38  -32  -17  1918
1919   -19  -20  -18   -9  -16  -15  -17  -15  -11  -17  -45  -34    -20 -20    -24  -15  -16  -24  1919
1920   -12  -19    2  -10  -10  -17  -21  -16  -19  -25  -28  -45    -18 -18    -22   -6  -18  -24  1920

Year   Jan  Feb  Mar  Apr  May  Jun  Jul  Aug  Sep  Oct  Nov  Dec    J-D D-N    DJF  MAM  JJA  SON  Year
1921     0  -17  -13  -12  -18  -10    0  -24  -20   -8  -17  -18    -13 -15    -21  -14  -11  -15  1921
1922   -31  -36  -18  -23  -29  -24  -14  -25  -29  -25  -17  -18    -24 -24    -28  -23  -21  -24  1922
1923   -24  -28  -23  -33  -33  -22  -24  -28  -26   -6    4   -1    -20 -22    -23  -30  -25  -10  1923
1924   -24  -26  -10  -29  -20  -19  -17  -20  -22  -23  -13  -31    -21 -19    -17  -20  -18  -19  1924
1925   -28  -25  -18  -16  -23  -25  -19  -12  -16  -19    0   16    -16 -19    -28  -19  -19  -12  1925
1926    22   12   22   -4  -12  -13   -8    1   -4   -2   -6  -21     -1   2     17    2   -7   -4  1926
1927   -19   -4  -29  -21  -19  -15   -4  -14   -7    4    0  -29    -13 -12    -15  -23  -11   -1  1927
1928     5    1  -16  -23  -24  -27  -11  -14  -10   -9    0   -6    -11 -13     -8  -21  -17   -6  1928
1929   -31  -41  -22  -29  -31  -29  -24  -22  -20   -6    0  -40    -25 -22    -26  -27  -25   -8  1929
1930   -14  -12   -1  -15  -16  -14   -6   -2  -10   -6   19    0     -6 -10    -22  -11   -7    1  1930
1931     1  -17    1  -12   -8    7   12    4   -7    6    0    3     -1  -1     -5   -6    8    0  1931
1932    18  -11   -9   -1   -8  -17   -8   -9    3    4  -14  -14     -6  -4      3   -6  -12   -2  1932
1933   -20  -17  -16  -14  -17  -16   -4  -10  -17  -12  -24  -39    -17 -15    -17  -16  -10  -18  1933
1934   -14    5  -23  -22   -3   -5    1   -2  -13    0   11    5     -5  -9    -16  -16   -2   -1  1934
1935   -25   26    0  -25  -21  -13   -9  -11  -13    2  -22  -12    -10  -9      2  -15  -11  -11  1935
1936   -19  -26  -14   -9   -9   -4   13    2    0    6    7   11     -3  -5    -19  -10    3    4  1936
1937     5   22   -5   -6    3    6   11    9   19   16   20   -1      8   9     13   -3    9   18  1937
1938    16   11   25   22    7   -2    8    8   14   22   16  -10     12  12      9   18    5   17  1938
1939     2    1  -12   -5    0    3    7   -1    1   -4    6   38      3  -1     -2   -6    3    1  1939
1940   -17    2    6   12    5    5   20   -1    8    2    7   12      5   7      8    8    8    6  1940

Year   Jan  Feb  Mar  Apr  May  Jun  Jul  Aug  Sep  Oct  Nov  Dec    J-D D-N    DJF  MAM  JJA  SON  Year
1941    11   22    5   15   10    8   13    2  -12   21   12   22     11  10     15   10    8    7  1941
1942    22   -8    0    0    9    5    2   -1    2    3    3    6      4   5     12    3    2    2  1942
1943   -11   13   -5    9   17    3   16    7    6   24   19   26     10   9      3    7    9   16  1943
1944    37   27   22   12   20   12   20   17   28   25   15   13     21  22     30   18   16   22  1944
1945    16   13   13   19   -3    1    4   16    1    8    6   -9      7   9     14   10    7    5  1945
1946    14    9   -3    7   -6  -13   -2  -18   -2   -3   -4  -27     -4  -2      5    0  -11   -3  1946
1947    -3    0   15    6   -2   -7   -1   -3   -7   13   12  -10      1   0    -10    6   -4    6  1947
1948    14   -7   -8   -4    5    5   -9   -7   -8    1   -5  -19     -3  -3     -1   -2   -4   -4  1948
1949    16  -15   -3  -10   -7  -20   -9   -4   -5    0   -6  -10     -6  -7     -6   -7  -11   -4  1949
1950   -24  -26   -1  -18  -13   -5   -8  -18  -11  -16  -30  -10    -15 -15    -20  -11  -10  -19  1950
1951   -32  -39  -17   -9    2   -3   -1   12    9   14    3   18     -4  -6    -27   -8    2    9  1951
1952    14   14   -8    6   -1    4    8   10    8   -3  -13   -4      3   5     15   -1    7   -3  1952
1953    10   18   16   19    8    5    5   10   10   10    1   15     11   9      8   15    7    7  1953
1954   -18   -4   -8  -10  -16  -12  -21  -17  -13   -3   12  -11    -10  -8     -2  -11  -17   -1  1954
1955    19  -13  -29  -16  -18  -12   -6   11   -7    1  -22  -28    -10  -9     -2  -21   -3   -9  1955
1956   -15  -24  -22  -21  -22  -13   -8  -25  -14  -20  -16   -7    -17 -19    -22  -22  -15  -17  1956
1957    -6    3    3   10   12   15    1   12    8    3   12   17      8   6     -3    8    9    8  1957
1958    41   23   14    4    7   -9    8   -2   -3    5    5    4      8   9     27    8   -1    2  1958
1959    11   12   22   15   10    7    7    1   -8   -3   -8    4      6   6      9   16    5   -6  1959
1960     1   18  -32  -13   -6   -3    0    6    5    6  -10   20     -1  -2      7  -17    1    0  1960

Year   Jan  Feb  Mar  Apr  May  Jun  Jul  Aug  Sep  Oct  Nov  Dec    J-D D-N    DJF  MAM  JJA  SON  Year
1961     5   21   10   11   22   13    1    3    8    7    5  -15      8  10     15   14    6    7  1961
1962     5   18   13   11  -10    7   -3   -5    2    1    8    0      4   3      3    5    0    4  1962
1963     1   19  -13   -7   -2    6   14   26   25    8   14    3      8   8      7   -7   16   16  1963
1964    -5   -8  -27  -33  -28   -2   -5  -24  -37  -30  -19  -30    -21 -18     -3  -29  -10  -29  1964
1965   -10  -18  -10  -19   -6  -12  -21   -6  -16   -6   -7   -6    -11 -13    -19  -12  -13  -10  1965
1966   -17   -1   11  -11   -7   -2   11   -5    0  -15    0   -4     -3  -3     -8   -3    2   -5  1966
1967    -7  -23    8   -2   11   -6    6    1    0   10   -2   -1      0  -1    -11    6    0    3  1967
1968   -21  -13   24   -4   -9    0   -7   -5  -14   13   -3  -12     -4  -3    -12    4   -4   -1  1968
1969    -7   -8   -3   20   13   11   -4    0    9   14   16   30      8   4     -9   10    3   13  1969
1970    10   23    9    4   -5   -2   -1  -12   14    3    4  -12      3   6     21    3   -5    7  1970
1971    -2  -20  -21  -10  -11  -21  -11   -2   -2   -4   -7  -10    -10 -10    -11  -14  -11   -5  1971
1972   -25  -20   -2    0   -2    6    0   20    4    4   -2   18      0  -2    -19   -2    9    2  1972
1973    26   28   25   24   22   16   10    1    6   13    4   -8     14  16     24   24    9    8  1973
1974   -14  -27   -5  -12   -4   -5   -1   11   -9   -7  -10  -11     -8  -8    -16   -7    1   -9  1974
1975     1    1   11   -3   18   -3   -5  -21   -7  -11  -16  -21     -5  -4     -3    9  -10  -11  1975
1976    -8  -11  -27  -16  -29  -14  -13  -19  -11  -29  -11    0    -16 -18    -13  -24  -15  -17  1976
1977    10   15   15   19   29   23   20   17   -5   -5   13    1     13  13      8   21   20    1  1977
1978     3    8   12    9    1   -8    4  -21    5   -3    7    1      1   2      4    7   -8    3  1978
1979     6  -18    9   11   -6    4   -7    9   19   18   19   39      9   5     -4    5    2   18  1979
1980    21   28   22   22   27   10   18   13   13    8   23   10     18  20     29   24   14   15  1980

Year   Jan  Feb  Mar  Apr  May  Jun  Jul  Aug  Sep  Oct  Nov  Dec    J-D D-N    DJF  MAM  JJA  SON  Year
1981    47   37   43   24   15   20   31   35   12    7   18   29     27  25     31   28   29   12  1981
1982     1    7  -11    2   14    0   13   -6    1    2    4   34      5   5     12    2    2    2  1982
1983    44   37   37   26   30   18   13   30   35   10   23   11     26  28     38   31   21   23  1983
1984    23    6   21    2   30   -5   14   13   18    4   -5  -15      9  11     14   17    8    6  1984
1985    15  -12   12    6    6   12   -3   12    7    5   -2    8      6   4     -4    8    7    3  1985
1986    20   38   25   18   12    6    6   11    1    6    1    6     13  13     22   18    8    3  1986
1987    25   37   16   21   18   30   37   15   30   26   23   43     27  24     23   18   27   26  1987
1988    51   35   47   35   37   39   26   28   30   29   -2   18     31  33     43   40   31   19  1988
1989     3   29   27   15    4    7   29   27   32   26    8   27     19  19     17   15   21   22  1989
1990    32   29   67   48   37   31   47   27   17   40   41   37     38  37     29   51   35   33  1990
1991    35   45   29   44   30   49   49   38   39   21   19   24     35  36     39   34   45   26  1991
1992    39   35   36   15   19   16    0    2  -10   -4   -9   12     12  13     33   23    6   -8  1992
1993    28   28   29   16   18   10   12    3    0   15    3    6     14  14     23   21    8    6  1993
1994    24   -5   20   27   17   35   21   18   30   37   33   25     24  22      9   21   25   34  1994
1995    43   71   44   39    8   34   50   37   24   44   37   25     38  38     46   30   41   35  1995
1996    26   47   33   25   19   17   38   44   25   17   35   32     30  29     33   26   33   26  1996
1997    27   29   46   33   32   50   26   37   41   50   56   53     40  38     29   37   37   49  1997
1998    52   79   56   56   61   67   71   62   42   40   43   51     57  57     61   58   67   42  1998
1999    40   60   27   27   21   36   30   28   27   31   32   33     33  34     50   25   31   30  1999
2000    17   51   46   53   29   35   33   38   31   19   26   20     33  34     34   42   35   25  2000

Year   Jan  Feb  Mar  Apr  May  Jun  Jul  Aug  Sep  Oct  Nov  Dec    J-D D-N    DJF  MAM  JJA  SON  Year
2001    38   41   54   39   51   46   51   45   48   44   67   51     48  45     33   48   48   53  2001
2002    71   70   84   58   56   46   57   45   48   49   51   36     56  57     64   66   49   50  2002
2003    64   51   51   49   51   39   48   63   60   66   50   68     55  52     51   50   50   58  2003
2004    52   67   59   52   37   33   22   43   47   58   64   51     49  50     63   49   33   56  2004
2005    68   56   70   64   55   59   55   56   69   71   64   59     62  61     58   63   57   68  2005
2006    44   57   55   47   43   53   43   58   55   60   62   69     54  53     53   48   51   59  2006
2007    87   63   59   66   55   53   51   56   50   55   49   40     57  59     73   60   53   52  2007
2008    12*******************************************************  *********  ********************  2008
Year   Jan  Feb  Mar  Apr  May  Jun  Jul  Aug  Sep  Oct  Nov  Dec    J-D D-N    DJF  MAM  JJA  SON  Year
     
Divide by 100 to get changes in degrees Centigrade.
Multiply that result by 1.8(=9/5) to get changes in degrees Fahrenheit.

Best estimate for absolute global mean for 1951-1980 is  14C = 57.2F,
so add that to the temperature change if you want to use an absolute scale
(this note applies to global annual means only, J-D and D-N !)

Example      --      Table Value :      40
                          change :     .40C  or   .72F
abs. scale if global annual mean :   14.40C  or 57.92F
