        GLOBAL Land-Ocean Temperature Index in 0.01 degrees Celsius   base period: 1951-1980

                    sources:  GHCN-v3 1880-11/2016 + SST: ERSST v4 1880-11/2016
                    using elimination of outliers and homogeneity adjustment
                    Notes: 1950 DJF = Dec 1949 - Feb 1950 ;  ***** = missing

                                                                     AnnMean
Year   Jan  Feb  Mar  Apr  May  Jun  Jul  Aug  Sep  Oct  Nov  Dec    J-D D-N    DJF  MAM  JJA  SON  Year
1880   -30  -21  -18  -27  -14  -29  -24   -7  -17  -16  -19  -22    -20 ***   ****  -20  -20  -17  1880
1881   -10  -14    1   -3   -4  -29   -7   -3   -9  -20  -26  -16    -12 -12    -15   -2  -13  -18  1881
1882     9    8    1  -20  -18  -25  -11    3   -1  -22  -21  -25    -10  -9      0  -12  -11  -15  1882
1883   -34  -42  -18  -24  -25  -12   -8  -13  -18  -11  -20  -18    -20 -21    -34  -22  -11  -17  1883
1884   -18  -12  -34  -36  -32  -38  -34  -26  -23  -22  -29  -29    -28 -27    -16  -34  -32  -25  1884
1885   -65  -29  -23  -44  -41  -50  -29  -27  -19  -19  -22   -6    -31 -33    -41  -36  -35  -20  1885
1886   -42  -46  -41  -29  -27  -39  -16  -31  -19  -25  -26  -25    -31 -29    -31  -32  -29  -23  1886
1887   -66  -48  -31  -37  -33  -20  -19  -27  -19  -32  -25  -38    -33 -32    -46  -34  -22  -25  1887
1888   -42  -42  -47  -28  -22  -20   -9  -11   -8    2    0  -12    -20 -22    -41  -32  -14   -2  1888
1889   -20   15    5    5   -2  -12   -5  -17  -18  -21  -30  -31    -11  -9     -6    2  -11  -23  1889
1890   -48  -48  -41  -37  -48  -27  -29  -36  -36  -22  -37  -30    -37 -37    -42  -42  -31  -32  1890
1891   -46  -49  -15  -25  -17  -22  -22  -21  -13  -23  -37   -2    -24 -27    -42  -19  -22  -25  1891
1892   -26  -15  -36  -35  -25  -20  -28  -19  -25  -16  -50  -29    -27 -25    -14  -32  -22  -30  1892
1893   -68  -51  -24  -32  -35  -24  -14  -23  -18  -16  -17  -38    -30 -29    -49  -30  -20  -17  1893
1894   -55  -32  -22  -42  -30  -44  -32  -28  -22  -17  -25  -22    -31 -32    -42  -31  -35  -21  1894
1895   -44  -43  -29  -22  -23  -25  -17  -16   -2  -10  -15  -12    -21 -22    -36  -25  -19   -9  1895
1896   -23  -15  -30  -32  -20  -14   -6   -9   -5    4  -16  -12    -15 -15    -17  -27  -10   -5  1896
1897   -22  -19  -12   -1   -1  -13   -5   -3   -5   -9  -18  -26    -11 -10    -18   -5   -7  -11  1897
1898    -7  -34  -56  -33  -36  -21  -23  -23  -19  -32  -35  -22    -28 -29    -22  -41  -22  -29  1898
1899   -18  -40  -35  -21  -21  -26  -13   -4   -1    0   12  -27    -16 -16    -27  -26  -14    4  1899
1900   -40   -8    2  -15   -6  -15   -9   -4    1    8  -13  -14     -9 -10    -25   -6   -9   -1  1900

Year   Jan  Feb  Mar  Apr  May  Jun  Jul  Aug  Sep  Oct  Nov  Dec    J-D D-N    DJF  MAM  JJA  SON  Year
1901   -30   -5    5   -6  -17  -10   -9  -13  -17  -29  -17  -30    -15 -14    -16   -6  -10  -21  1901
1902   -21   -5  -29  -29  -32  -35  -26  -28  -21  -29  -37  -47    -28 -27    -18  -30  -30  -29  1902
1903   -29   -8  -23  -41  -43  -45  -31  -44  -43  -42  -39  -48    -36 -36    -28  -36  -40  -41  1903
1904   -65  -55  -47  -50  -51  -50  -49  -44  -47  -36  -17  -30    -45 -47    -56  -49  -48  -33  1904
1905   -38  -60  -25  -36  -34  -32  -25  -21  -15  -23   -8  -21    -28 -29    -43  -32  -26  -15  1905
1906   -31  -34  -15   -3  -21  -22  -27  -19  -25  -20  -39  -18    -23 -23    -29  -13  -22  -28  1906
1907   -44  -53  -25  -41  -47  -44  -35  -37  -32  -25  -52  -50    -40 -38    -38  -37  -39  -36  1907
1908   -46  -36  -58  -46  -41  -39  -35  -45  -33  -43  -51  -50    -44 -44    -44  -48  -40  -42  1908
1909   -70  -47  -52  -59  -54  -52  -43  -30  -38  -39  -32  -55    -48 -47    -56  -55  -42  -36  1909
1910   -45  -44  -48  -39  -34  -37  -31  -34  -37  -39  -56  -70    -43 -42    -48  -40  -34  -44  1910
1911   -64  -61  -63  -55  -52  -47  -41  -43  -38  -26  -20  -26    -45 -48    -65  -57  -44  -28  1911
1912   -27  -13  -37  -20  -20  -26  -41  -52  -47  -56  -38  -42    -35 -34    -22  -26  -40  -47  1912
1913   -41  -44  -44  -36  -45  -46  -34  -33  -33  -34  -19   -4    -34 -38    -43  -42  -37  -29  1913
1914     1  -14  -23  -28  -20  -23  -24  -15  -14   -6  -21  -10    -16 -16     -5  -24  -21  -13  1914
1915   -21   -1   -9    7   -1  -16   -3  -15  -13  -23  -12  -25    -11 -10    -11   -1  -12  -16  1915
1916   -20  -24  -31  -26  -27  -45  -34  -27  -30  -29  -42  -78    -34 -30    -23  -28  -35  -33  1916
1917   -47  -54  -48  -38  -49  -41  -24  -26  -19  -36  -28  -71    -40 -41    -60  -45  -30  -28  1917
1918   -43  -33  -21  -39  -37  -28  -21  -26  -14   -3  -16  -31    -26 -29    -49  -33  -25  -11  1918
1919   -21  -21  -25  -17  -20  -28  -21  -19  -17  -16  -29  -35    -22 -22    -24  -21  -23  -21  1919
1920   -15  -23   -8  -26  -25  -33  -32  -29  -20  -29  -33  -47    -27 -26    -24  -20  -31  -27  1920

Year   Jan  Feb  Mar  Apr  May  Jun  Jul  Aug  Sep  Oct  Nov  Dec    J-D D-N    DJF  MAM  JJA  SON  Year
1921    -4  -21  -28  -36  -36  -31  -16  -24  -17   -6  -16  -19    -21 -23    -24  -33  -24  -13  1921
1922   -35  -44  -13  -21  -34  -33  -26  -31  -29  -33  -16  -17    -28 -28    -32  -23  -30  -26  1922
1923   -28  -37  -32  -38  -33  -23  -29  -29  -27  -12    3   -6    -24 -25    -27  -34  -27  -12  1923
1924   -24  -28  -12  -35  -19  -28  -27  -35  -30  -35  -23  -42    -28 -25    -19  -22  -30  -29  1924
1925   -33  -34  -23  -24  -30  -34  -29  -18  -14  -17    4   11    -20 -25    -36  -26  -27   -9  1925
1926    20    8   12  -15  -24  -25  -20  -10  -11  -11   -6  -31     -9  -6     13   -9  -18   -9  1926
1927   -28  -21  -38  -30  -24  -27  -14  -19   -6    0   -3  -36    -21 -20    -27  -31  -20   -3  1927
1928    -4  -12  -28  -29  -29  -41  -21  -25  -19  -19   -9  -20    -21 -23    -17  -29  -29  -16  1928
1929   -47  -61  -34  -40  -38  -43  -33  -29  -24  -15  -14  -55    -36 -33    -43  -38  -35  -18  1929
1930   -29  -25   -9  -26  -25  -19  -16  -11  -11   -8   14   -9    -15 -18    -36  -20  -15   -2  1930
1931   -10  -22   -6  -21  -22   -6    1    0   -6    0  -12  -10     -9  -9    -14  -16   -2   -6  1931
1932    13  -18  -20   -7  -22  -30  -24  -24  -11  -10  -26  -22    -17 -16     -5  -17  -26  -16  1932
1933   -35  -33  -29  -24  -25  -32  -20  -23  -27  -24  -32  -47    -29 -27    -30  -26  -25  -28  1933
1934   -27   -5  -31  -27  -11  -14  -11  -10  -16  -11   -1   -9    -14 -18    -26  -23  -12   -9  1934
1935   -37   11  -14  -35  -26  -23  -19  -17  -17   -8  -29  -22    -20 -18    -12  -25  -20  -18  1935
1936   -29  -39  -23  -20  -16  -19   -6  -12   -6   -4   -5   -4    -15 -17    -30  -20  -12   -5  1936
1937   -11    5  -17  -17   -7   -8   -5    3   14   10   10  -12     -3  -2     -3  -14   -3   11  1937
1938     0   -4    6    5   -7  -17   -8   -4    3   11    1  -26     -3  -2     -5    1  -10    5  1938
1939   -13  -12  -20  -12   -7   -8   -6   -5    0   -3    6   40     -3  -9    -17  -13   -6    1  1939
1940   -15    6   12   16    6    5   10    1   12    7   13   19      8   9     10   11    5   11  1940

Year   Jan  Feb  Mar  Apr  May  Jun  Jul  Aug  Sep  Oct  Nov  Dec    J-D D-N    DJF  MAM  JJA  SON  Year
1941    13   23    6   11   10    4   15   14    2   24   12   13     12  13     18    9   11   13  1941
1942    26    4   12   14   14   10    2   -3   -1    6   13   11      9   9     15   13    3    6  1942
1943    -1   22    1   13    9   -1   14    3   11   29   25   28     13  11     11    8    5   22  1943
1944    41   31   34   27   26   22   23   23   31   27   12    5     25  27     33   29   23   23  1944
1945    13    2   11   24   10    2    7   25   21   22   10  -10     11  13      7   15   11   18  1945
1946    15    6   -1   11   -4  -17   -9   -8   -2   -6   -2  -29     -4  -2      4    2  -11   -3  1946
1947   -13   -8    5    4   -6    0   -6   -8  -14    6   -1  -18     -5  -6    -17    1   -5   -3  1947
1948     5  -14  -23   -9    8   -5  -13  -10  -10   -7   -8  -23     -9  -9     -9   -8   -9   -8  1948
1949     9  -16   -1   -7   -8  -22  -13   -8   -8   -2   -8  -19     -9  -9    -10   -6  -14   -6  1949
1950   -30  -26   -6  -21  -12   -6   -9  -17  -10  -20  -35  -20    -18 -18    -25  -13  -11  -22  1950
1951   -35  -43  -18  -10   -2   -4    0    5    8    6    0   15     -7  -9    -33  -10    0    5  1951
1952    16   12  -10    2   -4   -4    5    7    8   -3  -17   -1      1   2     15   -4    3   -4  1952
1953     9   16   11   20    9    8    3    8    6    5   -5    4      8   7      8   13    6    2  1953
1954   -28  -10  -12  -18  -19  -15  -16  -13   -7   -1    8  -18    -12 -11    -11  -16  -15    0  1954
1955    11  -21  -36  -23  -20   -7   -9    4  -12   -5  -28  -32    -15 -14     -9  -26   -4  -15  1955
1956   -16  -25  -23  -26  -28  -15  -11  -25  -21  -24  -17  -10    -20 -22    -24  -26  -17  -21  1956
1957   -14   -5   -5   -4    8   16    1   14    6    1    7   16      3   1    -10    0   10    5  1957
1958    39   24   10    1    8   -5    5   -6   -3    4    2    1      7   8     27    6   -2    1  1958
1959     6    9   19   16    5    2    6   -1   -6   -9   -9   -3      3   3      5   14    2   -8  1959
1960    -1   14  -36  -16   -8    1   -2    0    5    7  -11   18     -2  -4      3  -20   -1    0  1960

Year   Jan  Feb  Mar  Apr  May  Jun  Jul  Aug  Sep  Oct  Nov  Dec    J-D D-N    DJF  MAM  JJA  SON  Year
1961     7   18    9   15   12   12   -3    2    5    0    3  -15      5   8     14   12    4    3  1961
1962     8   14   12    5   -6    6   -2   -2    0   -2    7   -1      3   2      2    4    1    1  1962
1963    -3   20  -13   -5   -9    3    8   25   20   16   15    0      6   6      5   -9   12   17  1963
1964    -6  -12  -22  -30  -25   -7   -7  -20  -28  -30  -21  -30    -20 -17     -6  -26  -11  -27  1964
1965    -9  -17  -11  -19  -14   -8  -12   -1  -15   -4   -6   -5    -10 -12    -19  -15   -7   -8  1965
1966   -16    0    4  -13  -10    1    8  -10   -1  -15   -2   -6     -5  -5     -7   -7    0   -6  1966
1967    -6  -20    4   -5   14   -8    1    2   -4    7   -6   -2     -2  -2    -11    4   -2   -1  1967
1968   -23  -15   21   -5  -10   -6  -11  -11  -19   12   -4  -14     -7  -6    -13    2   -9   -4  1968
1969   -11  -14    0   19   20    5   -2    3   10   11   11   27      7   3    -13   13    2   11  1969
1970     9   22    7    9   -5   -3   -4  -11   11    5    1  -13      2   6     19    4   -6    6  1970
1971    -3  -20  -18   -9   -6  -18  -12   -4   -1   -6   -4   -8     -9 -10    -12  -11  -11   -3  1971
1972   -24  -17    2   -1   -3    4    2   18    3    9    3   18      1  -1    -16   -1    8    5  1972
1973    28   30   25   25   25   16    9    2    6   12    6   -6     15  17     25   25    9    8  1973
1974   -15  -28   -5  -10   -1   -5   -3   11  -12   -7   -7   -9     -8  -7    -16   -5    1   -9  1974
1975     7    7   13    6   16   -2   -3  -20   -3   -9  -16  -17     -2  -1      2   12   -8   -9  1975
1976    -1   -6  -21  -10  -23  -15  -12  -18   -9  -26   -6    9    -12 -14     -8  -18  -15  -14  1976
1977    18   20   25   27   30   25   23   19    2    4   19    5     18  18     16   27   22    9  1977
1978     8   14   21   15    7   -3    7  -18    5    0   16   11      7   6      9   14   -5    7  1978
1979    14   -9   19   13    6   14    3   14   27   25   29   47     17  14      6   12   10   27  1979
1980    30   42   29   32   34   16   28   24   21   19   29   21     27  29     39   31   23   23  1980

Year   Jan  Feb  Mar  Apr  May  Jun  Jul  Aug  Sep  Oct  Nov  Dec    J-D D-N    DJF  MAM  JJA  SON  Year
1981    56   41   48   31   24   30   35   35   17   13   21   40     33  31     39   35   33   17  1981
1982     9   14   -1    9   16    5   13    8   15   13   14   42     13  13     21    8    8   14  1982
1983    52   40   42   30   35   18   15   30   38   14   30   17     30  32     45   36   21   27  1983
1984    30   18   29    9   33    4   16   15   20   14    4   -6     16  17     21   23   12   13  1984
1985    21   -7   17   11   17   17   -1   15   14   11    9   15     12  10      3   15   10   11  1985
1986    30   40   29   26   26   12   13   12    1   14   11   16     19  19     28   27   12    9  1986
1987    36   46   17   24   25   36   46   28   39   31   24   47     33  31     33   22   36   32  1987
1988    56   41   49   45   44   42   35   46   41   39   13   34     40  42     48   46   41   31  1988
1989    15   35   36   33   17   14   33   35   37   32   21   37     29  28     28   28   28   30  1989
1990    40   41   76   55   46   38   43   30   30   42   46   42     44  44     39   59   37   39  1990
1991    42   50   36   52   39   54   51   42   50   32   31   32     42  43     44   42   49   37  1991
1992    45   42   47   24   32   24   13    9    1   11    4   22     23  23     40   34   15    5  1992
1993    37   39   35   27   26   23   27   13   11   23    7   19     24  24     32   29   21   14  1993
1994    30    4   26   41   28   42   32   23   32   42   46   36     32  30     17   32   32   40  1994
1995    50   77   44   47   28   44   48   48   34   48   44   29     45  46     54   40   47   42  1995
1996    27   49   33   38   29   26   37   49   27   20   41   41     35  34     35   33   37   29  1996
1997    32   37   52   37   39   54   35   42   55   64   66   60     48  46     37   42   44   62  1997
1998    61   90   63   63   71   78   71   68   45   46   50   56     63  64     70   66   72   47  1998
1999    48   66   34   33   33   37   40   34   43   43   42   46     42  42     57   33   37   42  1999
2000    26   58   60   59   39   43   41   43   42   30   34   30     42  43     43   53   43   35  2000

Year   Jan  Feb  Mar  Apr  May  Jun  Jul  Aug  Sep  Oct  Nov  Dec    J-D D-N    DJF  MAM  JJA  SON  Year
2001    43   45   57   52   58   54   61   48   55   51   70   55     54  52     40   56   54   59  2001
2002    75   76   91   58   65   54   62   55   65   57   59   43     63  64     68   71   57   60  2002
2003    73   55   57   55   62   48   55   66   66   75   54   75     62  59     57   58   56   65  2003
2004    58   71   64   62   41   42   26   44   53   65   72   52     54  56     68   56   38   63  2004
2005    72   58   69   69   65   66   65   62   78   79   75   68     69  68     61   68   65   77  2005
2006    57   69   63   50   47   64   53   71   64   68   72   76     63  62     65   53   63   68  2006
2007    96   70   70   75   67   58   62   60   64   60   57   49     66  68     81   71   60   60  2007
2008    24   36   73   53   50   48   60   44   65   66   66   54     53  53     37   59   51   66  2008
2009    61   53   53   60   64   65   71   66   70   65   77   65     64  63     56   59   67   70  2009
2010    73   79   92   87   74   64   62   65   61   71   79   48     71  73     72   84   63   70  2010
2011    51   53   64   64   53   58   73   72   56   66   56   54     60  60     51   60   68   59  2011
2012    46   49   57   69   76   61   56   63   76   78   75   53     63  63     50   67   60   76  2012
2013    67   55   66   53   61   65   59   67   78   69   81   67     66  64     58   60   64   76  2013
2014    73   52   78   78   87   66   58   82   90   85   68   79     75  73     64   81   68   81  2014
2015    81   87   90   74   77   78   71   78   81  106  102  111     86  84     82   81   76   97  2015
2016   115  133  129  108   93   75   83   98   90   88   95 ****   **** 102    120  110   85   91  2016
Year   Jan  Feb  Mar  Apr  May  Jun  Jul  Aug  Sep  Oct  Nov  Dec    J-D D-N    DJF  MAM  JJA  SON  Year

Divide by 100 to get changes in degrees Celsius (deg-C).
Multiply that result by 1.8(=9/5) to get changes in degrees Fahrenheit (deg-F).

Example      --      Table Value :      40
                          change :    0.40 deg-C  or  0.72 deg-F