        GLOBAL Land-Ocean Temperature Index in 0.01 degrees Celsius   base period: 1951-1980

                    sources:  GHCN-v3 1880-03/2015 + SST: ERSST 1880-03/2015
                    using elimination of outliers and homogeneity adjustment
                    Notes: 1950 DJF = Dec 1949 - Feb 1950 ;  ***** = missing

                                                                     AnnMean
Year   Jan  Feb  Mar  Apr  May  Jun  Jul  Aug  Sep  Oct  Nov  Dec    J-D D-N    DJF  MAM  JJA  SON  Year
1880   -35  -28  -24  -31  -18  -25  -21  -13  -21  -20  -17  -23    -23 ***   ****  -24  -19  -20  1880
1881   -14  -17   -3   -4   -4  -28  -12   -9  -18  -24  -29  -19    -15 -15    -18   -4  -16  -24  1881
1882     2    3   -2  -25  -21  -33  -28  -11  -12  -26  -26  -38    -18 -16     -5  -16  -24  -21  1882
1883   -39  -38  -13  -21  -21   -8   -3  -14  -20  -20  -29  -21    -21 -22    -38  -18   -9  -23  1883
1884   -21  -15  -31  -36  -34  -37  -32  -25  -29  -26  -30  -26    -29 -28    -19  -34  -31  -28  1884
1885   -57  -30  -20  -37  -35  -41  -28  -25  -18  -15  -15   -1    -27 -29    -38  -31  -31  -16  1885
1886   -37  -43  -35  -24  -22  -31  -13  -21  -12  -23  -29  -18    -26 -24    -27  -27  -22  -21  1886
1887   -60  -43  -26  -34  -29  -26  -19  -29  -24  -33  -29  -41    -33 -31    -40  -30  -25  -29  1887
1888   -43  -41  -40  -25  -27  -21  -11  -13  -11   -4   -1  -11    -21 -23    -42  -31  -15   -5  1888
1889   -18   16    6    7   -1  -10  -13  -19  -18  -21  -32  -30    -11  -9     -4    4  -14  -24  1889
1890   -40  -37  -37  -34  -44  -29  -25  -32  -31  -21  -45  -30    -34 -34    -36  -38  -29  -32  1890
1891   -43  -50  -19  -27  -21  -26  -26  -21  -17  -28  -40  -13    -27 -29    -41  -22  -24  -28  1891
1892   -35  -15  -36  -39  -34  -31  -34  -28  -20  -17  -48  -43    -32 -29    -21  -36  -31  -28  1892
1893   -85  -58  -28  -35  -44  -35  -17  -28  -24  -22  -21  -38    -36 -37    -62  -36  -27  -22  1893
1894   -55  -34  -25  -46  -38  -41  -26  -22  -25  -23  -34  -27    -33 -34    -42  -36  -30  -28  1894
1895   -50  -49  -30  -24  -30  -27  -19  -18   -9  -13  -16  -20    -26 -26    -42  -28  -22  -13  1895
1896   -31  -21  -34  -39  -24  -17  -10  -10   -7    3  -17  -14    -19 -19    -24  -33  -13   -7  1896
1897   -22  -22  -24  -12  -12  -23  -13  -19  -13  -19  -25  -29    -19 -18    -19  -16  -18  -19  1897
1898   -14  -39  -57  -35  -36  -25  -28  -27  -24  -36  -40  -27    -32 -32    -27  -43  -26  -33  1898
1899   -21  -40  -37  -21  -26  -36  -20  -14   -7   -7    5  -31    -21 -21    -29  -28  -24   -3  1899
1900   -39   -4    0  -17  -15  -22  -20  -16  -15   -6  -21  -14    -16 -17    -24  -11  -19  -14  1900

Year   Jan  Feb  Mar  Apr  May  Jun  Jul  Aug  Sep  Oct  Nov  Dec    J-D D-N    DJF  MAM  JJA  SON  Year
1901   -33   -9   -1  -12  -23  -18  -18  -23  -25  -35  -25  -34    -21 -20    -19  -12  -20  -28  1901
1902   -21   -4  -30  -31  -35  -38  -30  -32  -27  -35  -42  -48    -31 -30    -20  -32  -34  -35  1902
1903   -27   -1  -21  -40  -41  -47  -37  -43  -43  -47  -45  -54    -37 -37    -25  -34  -42  -45  1903
1904   -67  -56  -44  -52  -50  -45  -47  -44  -47  -38  -19  -27    -45 -47    -59  -48  -45  -35  1904
1905   -34  -61  -29  -37  -31  -32  -31  -26  -22  -28  -13  -25    -31 -31    -41  -32  -30  -21  1905
1906   -31  -34  -16   -8  -25  -26  -33  -26  -31  -28  -48  -22    -27 -28    -30  -16  -29  -36  1906
1907   -46  -55  -34  -46  -52  -46  -39  -36  -33  -26  -54  -53    -43 -41    -41  -44  -41  -38  1907
1908   -45  -37  -57  -45  -39  -42  -42  -46  -34  -44  -51  -49    -44 -45    -45  -47  -44  -43  1908
1909   -67  -47  -52  -58  -56  -52  -42  -31  -36  -41  -34  -57    -48 -47    -54  -55  -42  -37  1909
1910   -46  -45  -49  -47  -45  -46  -37  -38  -39  -45  -56  -67    -47 -46    -49  -47  -40  -47  1910
1911   -64  -59  -65  -55  -52  -51  -41  -42  -38  -27  -24  -26    -45 -49    -63  -57  -45  -30  1911
1912   -30  -20  -42  -29  -30  -32  -49  -60  -55  -64  -46  -50    -42 -40    -25  -34  -47  -55  1912
1913   -48  -48  -46  -42  -50  -49  -40  -39  -40  -41  -26  -11    -40 -43    -49  -46  -42  -36  1913
1914    -4  -20  -28  -33  -27  -32  -36  -26  -24  -13  -25  -17    -24 -23    -12  -29  -31  -21  1914
1915   -27  -10  -17   -5  -17  -21  -12  -20  -18  -26  -13  -23    -17 -17    -18  -13  -18  -19  1915
1916   -21  -23  -33  -33  -34  -47  -34  -34  -34  -32  -41  -75    -37 -32    -22  -33  -38  -36  1916
1917   -44  -55  -53  -46  -59  -45  -26  -29  -27  -44  -34  -74    -45 -45    -58  -53  -33  -35  1917
1918   -45  -36  -27  -45  -41  -35  -30  -33  -22  -11  -22  -40    -32 -35    -52  -37  -32  -18  1918
1919   -26  -30  -30  -24  -33  -35  -29  -26  -23  -21  -40  -38    -30 -30    -32  -29  -30  -28  1919
1920   -16  -24   -7  -24  -24  -29  -27  -29  -31  -38  -39  -51    -28 -27    -26  -18  -28  -36  1920

Year   Jan  Feb  Mar  Apr  May  Jun  Jul  Aug  Sep  Oct  Nov  Dec    J-D D-N    DJF  MAM  JJA  SON  Year
1921    -7  -23  -25  -27  -28  -23  -14  -27  -20  -15  -24  -23    -21 -24    -27  -27  -21  -20  1921
1922   -35  -44  -19  -25  -33  -33  -27  -34  -32  -34  -20  -23    -30 -30    -34  -26  -31  -29  1922
1923   -28  -37  -30  -39  -35  -28  -34  -33  -30  -15   -3   -6    -27 -28    -29  -35  -32  -16  1923
1924   -22  -23   -9  -32  -21  -27  -27  -31  -27  -31  -16  -36    -25 -23    -17  -21  -28  -25  1924
1925   -34  -35  -25  -23  -32  -36  -30  -20  -17  -21   -2    4    -23 -26    -35  -27  -29  -14  1925
1926    14    5   10  -13  -25  -25  -23  -16  -11  -11   -6  -26    -11  -8      8   -9  -22   -9  1926
1927   -24  -17  -35  -30  -20  -25  -18  -23   -9    1   -4  -32    -20 -19    -22  -28  -22   -4  1927
1928     0   -7  -25  -25  -26  -34  -17  -22  -17  -17   -6  -14    -17 -19    -13  -25  -25  -13  1928
1929   -40  -53  -31  -37  -33  -39  -34  -28  -20  -11  -10  -49    -32 -29    -35  -34  -34  -14  1929
1930   -23  -22   -5  -21  -22  -19  -17  -13  -11   -9   14   -4    -13 -16    -31  -16  -16   -2  1930
1931    -5  -20   -6  -16  -19   -9   -3   -2   -5    2   -7   -4     -8  -8     -9  -13   -5   -3  1931
1932    15  -15  -14   -1  -15  -25  -20  -19   -4   -1  -20  -18    -11 -10     -2  -10  -21   -8  1932
1933   -27  -28  -25  -22  -24  -30  -19  -20  -23  -20  -27  -41    -26 -24    -24  -24  -23  -24  1933
1934   -19    0  -28  -28   -7  -10   -5   -9  -15   -5    6    0    -10 -14    -20  -21   -8   -5  1934
1935   -30   17  -10  -31  -25  -19  -15  -16  -13   -2  -25  -18    -16 -14     -4  -22  -17  -13  1935
1936   -22  -33  -21  -16  -12  -14    0   -6   -3   -2   -1    1    -11 -12    -24  -17   -7   -2  1936
1937    -4   11  -12  -10   -1    0    0    7   16   13   14   -4      2   3      3   -8    3   14  1937
1938    10    3   15   11   -1   -9    1    2   10   18   11  -14      5   6      3    8   -2   13  1938
1939    -2   -3  -16   -7   -1   -4   -4   -5   -3   -1    4   40      0  -5     -6   -8   -5    0  1939
1940   -13    8    9   15    6    4    7   -2   10    6    9   12      6   8     12   10    3    8  1940

Year   Jan  Feb  Mar  Apr  May  Jun  Jul  Aug  Sep  Oct  Nov  Dec    J-D D-N    DJF  MAM  JJA  SON  Year
1941     5   18   -1    8   10    6   13    5   -7   17    6    7      7   8     12    6    8    5  1941
1942    26    2    6    8    7    2   -2   -4   -3    0    5    6      5   5     12    7   -1    1  1942
1943   -12    9   -7    8    4   -8    6    0    5   22   15   19      5   4      1    2    0   14  1943
1944    30   18   18   10   12    9   10    9   19   17    5   -3     13  15     23   13    9   14  1944
1945     1  -10   -2    9   -2   -8   -6   15    8    9    1  -16      0   1     -4    2    0    6  1945
1946    14    6   -4    3  -11  -17  -11  -16   -9  -14   -5  -33     -8  -7      1   -4  -14   -9  1946
1947   -12   -9    4    3   -7   -9   -7   -9  -13    8    4  -11     -5  -7    -18    0   -8    0  1947
1948    12  -12  -21   -9    1   -7  -13  -14  -17  -11  -16  -20    -11 -10     -4  -10  -11  -14  1948
1949    11  -17   -5  -12  -13  -26  -17  -11  -13   -7   -9  -18    -12 -12     -9  -10  -18  -10  1949
1950   -30  -29   -7  -19  -11  -11  -16  -21  -12  -18  -34  -19    -19 -19    -26  -13  -16  -21  1950
1951   -34  -43  -21   -9    3   -5    0    7    5   10   -2   12     -7  -9    -32   -9    0    4  1951
1952    13   11  -10    5    0   -2    7    4    7   -2  -15   -2      1   2     12   -2    3   -4  1952
1953    11   19   13   19   10    6    0    8    6    7   -3    6      8   8      9   14    4    4  1953
1954   -23  -10  -14  -15  -19  -15  -17  -14   -7   -1    9  -16    -12 -10     -9  -16  -15    0  1954
1955    16  -16  -32  -18  -20  -10   -8    8  -10   -3  -26  -31    -13 -11     -5  -23   -3  -13  1955
1956   -17  -23  -19  -25  -25  -14  -10  -27  -15  -22  -15   -9    -18 -20    -24  -23  -17  -17  1956
1957   -11   -7   -8   -1    5   12   -3   15    9    0    6   16      3   1     -9   -1    8    5  1957
1958    37   24    9    2    5  -11    0   -8   -7    2    2   -1      5   6     26    6   -6   -1  1958
1959     8    7   17   14    3    2    5   -1   -5   -9   -8    1      3   3      5   11    2   -7  1959
1960    -4   12  -36  -16  -11   -3   -5   -1    5    7  -12   16     -4  -5      3  -21   -3    0  1960

Year   Jan  Feb  Mar  Apr  May  Jun  Jul  Aug  Sep  Oct  Nov  Dec    J-D D-N    DJF  MAM  JJA  SON  Year
1961     5   18    8   13   14   12    0    4    6    1    3  -16      6   8     13   12    5    3  1961
1962     7   15   10    7   -5    4    2    1    0    0    9    0      4   3      2    4    2    3  1962
1963    -1   20  -15   -6   -5    6   12   24   21   16   18    1      8   8      7   -9   14   18  1963
1964    -7  -11  -23  -30  -25   -5   -6  -24  -29  -29  -18  -27    -20 -17     -5  -26  -12  -25  1964
1965    -6  -16  -10  -19  -12  -11  -13   -4  -15   -5   -5   -5    -10 -12    -17  -14   -9   -8  1965
1966   -16    0    7  -12   -9    0    7   -7   -1  -13    0   -4     -4  -4     -7   -5    0   -4  1966
1967    -5  -18    8   -2   14   -8    1    2   -5    9   -5    0     -1  -1     -9    6   -2    0  1967
1968   -21  -12   26   -2  -11   -5   -7   -8  -17   11   -5  -13     -5  -4    -11    4   -7   -4  1968
1969   -11  -14    0   16   15    6   -3    2    9   12   14   29      6   3    -13   10    2   12  1969
1970    10   24    9    9   -3    1    0   -8   11    5    2  -11      4   8     21    5   -2    6  1970
1971    -1  -18  -16   -8   -3  -16   -9    0    2   -2   -2   -5     -6  -7    -10   -9   -8   -1  1971
1972   -24  -16    3   -1    1    9    4   18    3    9    3   20      2   0    -15    1   10    5  1972
1973    28   31   26   26   25   18   10    4    9   13    5   -5     16  18     26   26   11    9  1973
1974   -14  -26   -4  -10   -1   -5   -3   11  -11   -6   -6   -8     -7  -7    -15   -5    1   -8  1974
1975     8    7   14    4   16    2    0  -20   -3  -10  -16  -18     -1   0      2   11   -6  -10  1975
1976    -3   -8  -22   -9  -22  -15   -9  -16  -10  -29   -8    4    -12 -14    -10  -18  -13  -16  1976
1977    12   15   21   23   27   25   20   16   -3    0   16    3     15  15     10   23   21    4  1977
1978     5   10   18   11    3   -2    4  -19    6    0   14    6      5   4      6   11   -6    6  1978
1979    10  -12   14    8    1    9   -3    8   20   19   23   43     12   9      1    8    5   21  1979
1980    24   36   25   29   30   14   22   23   18   13   23   15     23  25     34   28   20   18  1980

Year   Jan  Feb  Mar  Apr  May  Jun  Jul  Aug  Sep  Oct  Nov  Dec    J-D D-N    DJF  MAM  JJA  SON  Year
1981    51   37   45   27   20   26   29   29   12    8   16   35     28  26     34   31   28   12  1981
1982     4   12   -7    5   10    2   11    5    9    8   10   38      9   9     17    3    6    9  1982
1983    49   35   37   27   33   17   13   27   35   11   27   13     27  29     41   33   19   24  1983
1984    25   11   24    6   31    3   13   12   13   10    0   -8     12  13     16   20    9    8  1984
1985    19   -9   12    5   13   15   -4   10    9    8    5   10      8   6      1   10    7    7  1985
1986    24   32   24   21   22   11    9    8   -3    8    5   10     14  14     22   22    9    3  1986
1987    30   40   11   20   21   32   41   21   33   25   20   43     28  25     26   18   31   26  1987
1988    52   36   44   39   39   38   30   40   36   34    6   27     35  36     43   41   36   26  1988
1989    11   30   31   27   12   11   29   31   32   28   14   31     24  24     23   23   24   24  1989
1990    35   35   71   49   41   34   39   27   25   37   40   37     39  39     34   54   33   34  1990
1991    38   46   32   46   33   50   47   37   42   26   27   30     38  38     40   37   44   32  1991
1992    41   37   42   21   28   21   10    6   -4    5   -1   18     19  20     36   31   12    0  1992
1993    34   36   33   22   23   19   24   11    6   18    4   16     21  21     29   26   18    9  1993
1994    26   -2   24   38   25   37   26   18   30   40   43   35     28  27     14   29   27   37  1994
1995    48   75   42   44   26   42   47   45   29   45   41   28     43  43     53   37   44   39  1995
1996    24   46   31   33   27   25   34   47   24   19   39   39     32  31     33   30   35   27  1996
1997    31   36   52   35   36   51   33   39   52   61   61   58     45  44     35   41   41   58  1997
1998    60   86   62   63   68   75   67   67   44   42   46   55     61  61     68   64   70   44  1998
1999    47   66   31   33   30   37   40   34   39   39   38   45     40  41     56   31   37   39  1999
2000    23   56   55   58   40   42   40   42   41   26   31   26     40  42     41   51   41   33  2000

Year   Jan  Feb  Mar  Apr  May  Jun  Jul  Aug  Sep  Oct  Nov  Dec    J-D D-N    DJF  MAM  JJA  SON  Year
2001    41   46   57   51   56   53   59   48   52   47   67   52     52  50     38   55   53   55  2001
2002    71   73   88   56   62   54   58   52   62   54   58   42     61  62     66   69   55   58  2002
2003    71   54   55   52   60   46   53   65   62   72   52   72     60  57     56   56   55   62  2003
2004    55   66   62   58   40   40   22   41   50   62   69   48     51  53     64   53   34   60  2004
2005    68   55   66   66   61   64   62   59   73   76   71   64     65  64     57   64   62   73  2005
2006    52   65   59   45   43   60   50   66   59   66   69   74     59  58     61   49   59   65  2006
2007    93   65   67   71   64   56   58   57   61   56   54   46     62  65     77   68   57   57  2007
2008    22   31   69   48   46   43   54   39   59   61   62   51     49  48     33   54   45   61  2008
2009    56   49   49   57   59   62   66   61   64   58   71   58     59  58     52   55   63   64  2009
2010    65   74   87   82   70   59   57   59   55   65   75   45     66  67     66   80   58   65  2010
2011    45   44   57   60   48   54   70   69   52   60   50   48     55  55     45   55   64   54  2011
2012    38   43   52   62   71   58   50   56   68   72   69   46     57  57     43   62   55   69  2012
2013    61   51   59   48   56   60   53   61   72   60   75   60     60  58     53   54   58   69  2013
2014    68   43   70   72   78   61   50   73   81   77   63   73     67  66     57   73   61   73  2014
2015    75   78   84 **** **** **** **** **** **** **** **** ****   **** ***     75 **** **** ****  2015
Year   Jan  Feb  Mar  Apr  May  Jun  Jul  Aug  Sep  Oct  Nov  Dec    J-D D-N    DJF  MAM  JJA  SON  Year
       
Divide by 100 to get changes in degrees Celsius (deg-C).
Multiply that result by 1.8(=9/5) to get changes in degrees Fahrenheit (deg-F).

Best estimate for absolute global mean for 1951-1980 is  14.0 deg-C or 57.2 deg-F,
so add that to the temperature change if you want to use an absolute scale
(this note applies to global annual means only, J-D and D-N !)

Example      --      Table Value :      40
                          change :    0.40 deg-C  or  0.72 deg-F
abs. scale if global annual mean :   14.40 deg-C  or 57.92 deg-F
