        GLOBAL Land-Ocean Temperature Index in 0.01 degrees Celsius   base period: 1951-1980

                    sources:  GHCN-v3 1880-12/2015 + SST: ERSST v4 1880-12/2015
                    using elimination of outliers and homogeneity adjustment
                    Notes: 1950 DJF = Dec 1949 - Feb 1950 ;  ***** = missing

                                                                     AnnMean
Year   Jan  Feb  Mar  Apr  May  Jun  Jul  Aug  Sep  Oct  Nov  Dec    J-D D-N    DJF  MAM  JJA  SON  Year
1880   -28  -19  -17  -26  -13  -27  -22   -6  -15  -14  -17  -19    -19 ***   ****  -18  -18  -15  1880
1881    -8  -12    3   -1   -3  -27   -5   -1   -7  -18  -25  -14    -10 -10    -13   -1  -11  -16  1881
1882    11   10    3  -18  -16  -23   -9    5    1  -21  -19  -23     -8  -8      2  -11   -9  -13  1882
1883   -32  -41  -17  -23  -24  -10   -7  -11  -17  -10  -19  -16    -19 -19    -32  -21   -9  -15  1883
1884   -17  -10  -33  -34  -30  -36  -32  -24  -21  -20  -28  -27    -26 -25    -14  -32  -31  -23  1884
1885   -63  -28  -22  -43  -40  -49  -27  -26  -18  -18  -21   -4    -30 -32    -40  -35  -34  -19  1885
1886   -41  -44  -40  -28  -26  -38  -15  -30  -18  -23  -24  -23    -29 -28    -30  -31  -27  -22  1886
1887   -64  -47  -30  -36  -32  -19  -17  -26  -18  -31  -24  -36    -32 -31    -45  -33  -20  -24  1887
1888   -42  -41  -46  -27  -21  -19   -7  -10   -6    3    1  -11    -19 -21    -40  -31  -12   -1  1888
1889   -18   16    6    6   -2  -10   -4  -16  -17  -21  -29  -28    -10  -8     -5    3  -10  -22  1889
1890   -46  -46  -40  -37  -46  -26  -28  -35  -35  -21  -35  -29    -35 -35    -40  -41  -30  -30  1890
1891   -44  -47  -14  -24  -16  -20  -20  -19  -12  -22  -35    0    -23 -25    -40  -18  -20  -23  1891
1892   -24  -13  -35  -33  -23  -18  -26  -18  -23  -14  -48  -27    -25 -23    -12  -30  -21  -28  1892
1893   -66  -49  -23  -31  -33  -22  -12  -22  -17  -15  -15  -36    -28 -28    -47  -29  -18  -15  1893
1894   -53  -31  -20  -40  -29  -42  -30  -26  -21  -15  -23  -20    -29 -31    -40  -30  -33  -20  1894
1895   -43  -42  -28  -22  -22  -24  -16  -15   -1   -9  -15  -11    -20 -21    -35  -24  -18   -8  1895
1896   -22  -14  -29  -31  -19  -13   -5   -8   -3    5  -15  -11    -14 -14    -15  -26   -8   -4  1896
1897   -21  -19  -11    0    1  -11   -3   -2   -3   -8  -17  -24    -10  -9    -17   -3   -5   -9  1897
1898    -6  -32  -55  -32  -35  -20  -21  -22  -18  -31  -34  -21    -27 -27    -21  -40  -21  -28  1898
1899   -17  -39  -34  -20  -19  -25  -12   -3    0    1   13  -25    -15 -15    -26  -24  -13    5  1899
1900   -38   -7    2  -14   -5  -14   -7   -2    3   10  -12  -13     -8  -9    -23   -5   -8    0  1900

Year   Jan  Feb  Mar  Apr  May  Jun  Jul  Aug  Sep  Oct  Nov  Dec    J-D D-N    DJF  MAM  JJA  SON  Year
1901   -28   -4    5   -5  -17   -9   -7  -11  -15  -28  -16  -28    -14 -12    -15   -5   -9  -20  1901
1902   -19   -3  -28  -27  -30  -34  -25  -27  -20  -28  -35  -45    -27 -25    -17  -29  -29  -28  1902
1903   -27   -6  -22  -39  -41  -44  -29  -42  -41  -40  -38  -46    -35 -35    -26  -34  -38  -40  1903
1904   -63  -54  -46  -48  -49  -48  -47  -43  -46  -34  -15  -28    -43 -45    -54  -48  -46  -31  1904
1905   -37  -58  -24  -35  -33  -30  -23  -20  -14  -22   -7  -20    -27 -27    -41  -31  -24  -14  1905
1906   -29  -33  -14   -1  -20  -20  -25  -18  -24  -19  -38  -17    -21 -22    -27  -12  -21  -27  1906
1907   -43  -52  -24  -40  -45  -42  -34  -36  -31  -23  -50  -49    -39 -36    -37  -36  -37  -35  1907
1908   -45  -35  -57  -45  -39  -37  -34  -44  -32  -42  -49  -49    -42 -42    -43  -47  -38  -41  1908
1909   -69  -46  -51  -58  -53  -51  -41  -29  -36  -38  -31  -53    -46 -46    -55  -54  -40  -35  1909
1910   -44  -43  -47  -38  -33  -36  -30  -33  -36  -38  -55  -68    -42 -40    -46  -40  -33  -43  1910
1911   -63  -60  -62  -54  -51  -46  -40  -42  -37  -25  -19  -24    -44 -47    -64  -56  -43  -27  1911
1912   -27  -14  -37  -20  -19  -25  -40  -51  -47  -55  -37  -40    -34 -33    -22  -25  -38  -46  1912
1913   -40  -43  -43  -35  -44  -44  -33  -31  -32  -33  -17   -2    -33 -36    -41  -41  -36  -27  1913
1914     2  -13  -22  -26  -19  -21  -23  -13  -12   -4  -20   -9    -15 -14     -4  -22  -19  -12  1914
1915   -19   -1   -8    8   -1  -13   -1  -14  -11  -21  -12  -24    -10  -8     -9    0   -9  -15  1915
1916   -20  -21  -30  -24  -25  -42  -32  -25  -28  -27  -41  -77    -33 -28    -22  -27  -33  -32  1916
1917   -46  -55  -48  -38  -48  -39  -22  -25  -17  -34  -27  -70    -39 -40    -59  -45  -28  -26  1917
1918   -43  -32  -20  -38  -36  -27  -19  -25  -13   -2  -15  -28    -25 -28    -48  -31  -24  -10  1918
1919   -19  -21  -26  -18  -19  -27  -20  -19  -17  -15  -29  -34    -22 -21    -22  -21  -22  -20  1919
1920   -14  -23   -6  -25  -24  -32  -30  -28  -19  -27  -32  -45    -25 -25    -24  -19  -30  -26  1920

Year   Jan  Feb  Mar  Apr  May  Jun  Jul  Aug  Sep  Oct  Nov  Dec    J-D D-N    DJF  MAM  JJA  SON  Year
1921    -3  -21  -27  -35  -35  -30  -14  -23  -16   -6  -16  -17    -20 -23    -23  -32  -22  -13  1921
1922   -32  -42  -13  -21  -33  -32  -24  -30  -28  -31  -15  -16    -26 -26    -30  -22  -29  -25  1922
1923   -26  -36  -30  -37  -32  -22  -27  -28  -26  -11    4   -3    -23 -24    -26  -33  -26  -11  1923
1924   -22  -26  -12  -34  -18  -27  -25  -34  -29  -34  -22  -40    -27 -24    -17  -21  -28  -28  1924
1925   -32  -32  -21  -23  -29  -32  -28  -17  -12  -16    5   12    -19 -23    -35  -24  -26   -8  1925
1926    21    8   13  -14  -24  -24  -19   -9  -10  -10   -6  -29     -9  -5     14   -8  -17   -9  1926
1927   -27  -19  -37  -30  -24  -26  -12  -18   -5    0   -3  -35    -20 -19    -25  -30  -19   -3  1927
1928    -3  -11  -27  -28  -29  -40  -19  -24  -19  -18   -9  -19    -21 -22    -16  -28  -28  -15  1928
1929   -46  -57  -34  -41  -38  -42  -31  -27  -22  -14  -14  -52    -35 -32    -41  -37  -33  -16  1929
1930   -28  -23   -9  -23  -23  -16  -15   -9  -10   -8   15   -7    -13 -17    -34  -18  -13   -1  1930
1931    -9  -19   -5  -19  -21   -4    2    0   -5    1  -10   -8     -8  -8    -12  -15   -1   -5  1931
1932    15  -16  -18   -7  -21  -28  -22  -22  -11   -8  -25  -21    -15 -14     -3  -15  -24  -15  1932
1933   -30  -29  -27  -22  -24  -31  -18  -22  -25  -22  -31  -45    -27 -25    -27  -24  -24  -26  1933
1934   -24   -2  -27  -26   -9  -12   -9   -8  -14   -9    1   -7    -12 -15    -24  -21  -10   -7  1934
1935   -36   13  -12  -34  -24  -21  -17  -15  -16   -6  -27  -19    -18 -17    -10  -24  -18  -16  1935
1936   -28  -39  -24  -19  -15  -17   -4  -10   -4   -1   -3   -1    -14 -15    -29  -19  -10   -3  1936
1937    -7    7  -16  -15   -5   -6   -3    4   15   11   11   -8     -1   0      0  -12   -2   12  1937
1938     3   -1    7    6   -6  -16   -7   -3    5   13    4  -22     -1   0     -2    2   -9    7  1938
1939   -10  -10  -19  -11   -5   -6   -4   -3    1   -2    7   41     -2  -7    -14  -12   -4    2  1939
1940   -12    7   12   16    7    6   12    2   13    9   13   20      9  10     12   12    6   12  1940

Year   Jan  Feb  Mar  Apr  May  Jun  Jul  Aug  Sep  Oct  Nov  Dec    J-D D-N    DJF  MAM  JJA  SON  Year
1941    13   23    6   11   10    5   16   15    3   25   13   15     13  14     19    9   12   14  1941
1942    29    6   12   14   15   11    3   -2    0    8   14   14     10  10     17   13    4    7  1942
1943     1   23    2   15   11    1   15    4   12   31   27   29     14  13     13    9    7   23  1943
1944    43   32   36   27   27   21   22   23   31   28   14    9     26  28     35   30   22   24  1944
1945    15    5   11   24   11    3    8   26   22   23   10   -8     13  14     10   15   13   18  1945
1946    16    6    0   12   -2  -15   -8   -9   -2   -6   -1  -27     -3  -1      5    3  -11   -3  1946
1947    -8   -4    7    5   -6   -2   -4   -8  -14    7    0  -15     -4  -5    -13    2   -5   -2  1947
1948     6  -12  -24  -10    6   -5  -13  -10  -13   -6   -9  -20     -9  -9     -7   -9   -9   -9  1948
1949    10  -16   -1   -7  -10  -25  -13   -9   -9   -3   -8  -15     -9  -9     -9   -6  -16   -6  1949
1950   -27  -27   -8  -21  -12   -8   -9  -18  -11  -18  -34  -19    -18 -17    -23  -13  -12  -21  1950
1951   -34  -43  -20  -10   -2   -7   -2    6    4   10    1   17     -7 -10    -32  -11   -1    5  1951
1952    16   13   -9    2   -5   -4    6    8    8   -3  -16   -2      1   3     15   -4    3   -3  1952
1953     9   17   11   20   10    8    3    9    6    6   -4    5      8   8      8   14    6    2  1953
1954   -26  -10  -12  -18  -20  -15  -16  -13   -7    0    9  -16    -12 -10    -10  -16  -15    1  1954
1955    13  -21  -35  -22  -20   -7   -7    7  -14   -4  -28  -32    -14 -13     -8  -26   -2  -15  1955
1956   -16  -25  -22  -27  -27  -15  -11  -26  -18  -23  -15   -9    -19 -21    -24  -25  -17  -19  1956
1957   -13   -6   -6   -2    8   18    3   18    8    0    8   16      4   2     -9    0   13    5  1957
1958    37   23    9    2    7   -6    3   -7   -4    3    2    0      6   7     25    6   -3    0  1958
1959     6    9   20   17    5    3    5   -1   -5   -9   -9   -2      3   4      5   14    2   -8  1959
1960    -2   14  -35  -17   -9    0   -2    0    4    8  -12   18     -3  -4      3  -20   -1    0  1960

Year   Jan  Feb  Mar  Apr  May  Jun  Jul  Aug  Sep  Oct  Nov  Dec    J-D D-N    DJF  MAM  JJA  SON  Year
1961     7   19   10   15   14   11   -4   -1    5   -1    2  -15      5   8     15   13    2    2  1961
1962     7   15   11    5   -6    4   -3   -2   -2   -4    6   -1      2   1      2    3    0    0  1962
1963    -3   18  -15   -5  -10    2    9   23   19   14   15   -1      6   6      5  -10   11   16  1963
1964    -6  -11  -24  -31  -26   -9   -7  -23  -28  -30  -21  -30    -21 -18     -6  -27  -13  -26  1964
1965    -9  -18  -12  -20  -14  -10  -11   -1  -13   -4   -6   -7    -10 -12    -19  -15   -7   -8  1965
1966   -17   -1    4  -14   -9    2    8  -11   -3  -15   -3   -6     -5  -5     -8   -6    0   -7  1966
1967    -8  -19    4   -6   12   -8   -1    2   -5    7   -6   -2     -3  -3    -11    3   -2   -1  1967
1968   -23  -15   21   -6  -10   -6  -10  -11  -20   11   -5  -15     -7  -6    -13    2   -9   -5  1968
1969   -11  -14    1   18   19    4   -2    3   10    9   11   27      6   3    -13   13    1   10  1969
1970    10   23    8    9   -5   -2   -5  -10   11    4    1  -14      3   6     20    4   -6    6  1970
1971    -3  -21  -19  -10   -7  -18  -13   -3    0   -6   -5   -8     -9 -10    -13  -12  -11   -3  1971
1972   -26  -17    3   -1   -1    4    2   18    4    7    1   18      1  -1    -17    0    8    4  1972
1973    27   31   25   26   26   16    9    2    6   12    5   -6     15  17     25   25    9    8  1973
1974   -14  -28   -5  -10    0   -5   -3   11  -13   -7   -7  -10     -8  -7    -16   -5    1   -9  1974
1975     8    7   15    6   17    0   -2  -21   -2   -9  -16  -17     -1  -1      2   12   -8   -9  1975
1976    -1   -6  -21   -9  -23  -15  -10  -16   -9  -26   -6    8    -11 -13     -8  -18  -14  -14  1976
1977    17   21   25   27   30   25   23   20    2    5   20    5     18  19     15   27   23    9  1977
1978     8   13   21   14    7   -2    7  -19    6    1   17   11      7   7      8   14   -5    8  1978
1979    15   -7   18   12    6   14    2   14   26   26   29   48     17  14      6   12   10   27  1979
1980    30   42   29   33   35   17   28   26   22   19   28   20     28  30     40   32   24   23  1980

Year   Jan  Feb  Mar  Apr  May  Jun  Jul  Aug  Sep  Oct  Nov  Dec    J-D D-N    DJF  MAM  JJA  SON  Year
1981    55   41   49   32   23   31   35   33   18   14   22   40     33  31     39   35   33   18  1981
1982     9   16   -2    9   15    4   13    9   16   13   13   43     13  13     21    7    8   14  1982
1983    53   40   42   30   36   19   15   31   38   16   31   17     31  33     45   36   22   28  1983
1984    31   17   29   10   34    5   15   15   19   15    3   -6     16  17     22   24   12   12  1984
1985    21   -5   17   10   17   16    1   14   15   12    9   16     12  10      3   15   11   12  1985
1986    30   38   29   25   26   13   13   11    1   14   10   15     19  19     28   27   13    8  1986
1987    36   47   17   26   25   35   46   27   40   32   25   48     34  31     32   23   36   32  1987
1988    57   42   49   44   44   42   35   44   40   37   11   33     40  41     49   46   40   29  1988
1989    16   35   36   33   17   15   33   35   37   33   19   36     29  28     28   29   27   30  1989
1990    40   40   76   54   46   37   43   30   29   42   45   41     44  43     39   58   37   39  1990
1991    42   50   35   51   39   54   51   42   49   31   31   32     42  43     44   42   49   37  1991
1992    45   42   47   23   32   24   13   10   -1   10    4   22     23  24     40   34   16    5  1992
1993    37   38   36   27   26   23   27   14   10   23    7   19     24  24     32   30   21   13  1993
1994    31    3   26   40   28   41   31   22   33   42   45   36     32  30     18   31   31   40  1994
1995    51   78   45   47   28   44   49   49   34   49   44   30     46  46     55   40   47   42  1995
1996    27   49   34   36   29   26   35   50   26   20   41   40     34  34     35   33   37   29  1996
1997    32   37   51   37   38   53   36   41   56   64   65   59     47  46     37   42   44   62  1997
1998    61   88   62   64   70   77   70   69   46   46   49   57     63  63     70   65   72   47  1998
1999    48   67   33   34   32   37   41   35   43   42   40   47     42  43     57   33   38   42  1999
2000    26   59   59   59   39   43   42   43   43   28   33   30     42  43     44   52   42   35  2000

Year   Jan  Feb  Mar  Apr  May  Jun  Jul  Aug  Sep  Oct  Nov  Dec    J-D D-N    DJF  MAM  JJA  SON  Year
2001    45   47   58   52   59   54   60   50   55   51   70   54     54  52     40   56   55   59  2001
2002    74   76   90   58   65   55   60   54   64   56   59   42     63  64     68   71   57   60  2002
2003    72   55   57   54   63   48   55   66   66   75   55   73     62  59     56   58   56   65  2003
2004    58   69   65   62   41   42   26   45   53   66   72   51     54  56     67   56   38   64  2004
2005    72   58   69   69   64   66   66   62   76   79   75   67     69  67     60   67   65   77  2005
2006    56   71   63   49   47   63   55   71   63   69   73   77     63  62     64   53   63   68  2006
2007    96   69   70   75   68   58   62   61   64   60   57   49     66  68     81   71   60   60  2007
2008    26   35   74   53   51   47   60   44   64   67   67   54     53  53     37   59   50   66  2008
2009    61   53   53   60   63   66   72   67   70   65   78   65     64  64     56   59   68   71  2009
2010    73   79   92   87   75   64   61   65   62   71   79   49     72  73     72   85   63   71  2010
2011    51   51   64   65   53   58   74   73   56   66   55   53     60  60     50   61   68   59  2011
2012    45   49   57   68   76   62   57   64   75   79   74   51     63  63     49   67   61   76  2012
2013    66   56   64   53   61   65   59   66   76   69   80   66     65  64     58   59   63   75  2013
2014    73   50   77   78   86   66   58   82   90   85   68   78     74  73     63   80   69   81  2014
2015    81   87   89   73   78   78   73   78   82  106  105  112     87  84     82   80   76   98  2015
Year   Jan  Feb  Mar  Apr  May  Jun  Jul  Aug  Sep  Oct  Nov  Dec    J-D D-N    DJF  MAM  JJA  SON  Year
        
Divide by 100 to get changes in degrees Celsius (deg-C).
Multiply that result by 1.8(=9/5) to get changes in degrees Fahrenheit (deg-F).

Example      --      Table Value :      40
                          change :    0.40 deg-C  or  0.72 deg-F
