        GLOBAL Land-Ocean Temperature Index in 0.01 degrees Celsius   base period: 1951-1980

                    sources:  GHCN-v3 1880-07/2016 + SST: ERSST v4 1880-07/2016
                    using elimination of outliers and homogeneity adjustment
                    Notes: 1950 DJF = Dec 1949 - Feb 1950 ;  ***** = missing

                                                                     AnnMean
Year   Jan  Feb  Mar  Apr  May  Jun  Jul  Aug  Sep  Oct  Nov  Dec    J-D D-N    DJF  MAM  JJA  SON  Year
1880   -30  -21  -18  -28  -14  -29  -24   -8  -17  -16  -19  -22    -20 ***   ****  -20  -20  -17  1880
1881    -9  -14    1   -3   -4  -28   -6   -2   -8  -19  -26  -15    -11 -12    -15   -2  -12  -18  1881
1882    10    9    2  -20  -17  -25  -10    4   -1  -22  -21  -25    -10  -9      1  -12  -10  -14  1882
1883   -33  -42  -17  -24  -25  -11   -8  -13  -18  -11  -20  -18    -20 -21    -33  -22  -11  -16  1883
1884   -18  -11  -34  -36  -31  -38  -34  -26  -23  -22  -30  -29    -28 -27    -16  -34  -32  -25  1884
1885   -64  -29  -23  -44  -41  -50  -28  -27  -19  -19  -22   -5    -31 -33    -41  -36  -35  -20  1885
1886   -42  -45  -41  -29  -27  -39  -16  -31  -19  -25  -26  -25    -30 -29    -31  -32  -29  -23  1886
1887   -66  -48  -32  -37  -33  -20  -19  -27  -20  -32  -26  -38    -33 -32    -46  -34  -22  -26  1887
1888   -42  -43  -47  -29  -22  -20  -10  -11   -8    1    0  -13    -20 -22    -41  -33  -14   -2  1888
1889   -20   14    4    4   -3  -12   -5  -18  -18  -22  -30  -31    -11 -10     -6    2  -11  -24  1889
1890   -48  -48  -41  -38  -48  -27  -29  -36  -36  -23  -37  -30    -37 -37    -42  -42  -31  -32  1890
1891   -46  -48  -15  -26  -17  -22  -22  -21  -14  -23  -37   -2    -24 -27    -41  -19  -22  -25  1891
1892   -26  -15  -36  -35  -25  -20  -27  -20  -25  -16  -50  -29    -27 -25    -14  -32  -22  -30  1892
1893   -68  -51  -24  -33  -35  -23  -14  -23  -18  -16  -17  -38    -30 -29    -49  -30  -20  -17  1893
1894   -55  -32  -22  -42  -30  -44  -32  -28  -22  -17  -25  -22    -31 -32    -41  -31  -34  -21  1894
1895   -44  -43  -30  -23  -23  -25  -17  -16   -2  -10  -16  -12    -22 -23    -36  -25  -19  -10  1895
1896   -23  -15  -30  -33  -20  -14   -6  -10   -5    4  -16  -12    -15 -15    -17  -28  -10   -6  1896
1897   -23  -20  -13   -2   -1  -13   -5   -3   -5   -9  -18  -25    -11 -10    -19   -5   -7  -11  1897
1898    -7  -33  -56  -34  -36  -22  -23  -24  -19  -32  -37  -22    -29 -29    -22  -42  -23  -29  1898
1899   -18  -40  -35  -21  -20  -26  -14   -5   -2    0   12  -27    -16 -16    -27  -25  -15    3  1899
1900   -40   -8    1  -15   -6  -15   -8   -4    2    8  -13  -14     -9 -10    -25   -7   -9   -1  1900

Year   Jan  Feb  Mar  Apr  May  Jun  Jul  Aug  Sep  Oct  Nov  Dec    J-D D-N    DJF  MAM  JJA  SON  Year
1901   -28   -6    4   -6  -17  -10   -9  -13  -17  -29  -17  -30    -15 -13    -16   -6  -10  -21  1901
1902   -19   -4  -30  -29  -32  -34  -26  -28  -22  -27  -36  -46    -28 -26    -17  -30  -29  -28  1902
1903   -28   -6  -24  -40  -42  -45  -30  -44  -43  -42  -39  -47    -36 -36    -27  -35  -40  -41  1903
1904   -64  -54  -46  -51  -51  -50  -48  -44  -47  -35  -17  -29    -45 -46    -55  -49  -47  -33  1904
1905   -38  -59  -25  -37  -34  -32  -24  -21  -15  -24   -9  -21    -28 -29    -42  -32  -26  -16  1905
1906   -31  -32  -15   -3  -21  -21  -25  -18  -25  -20  -39  -18    -23 -23    -28  -13  -22  -28  1906
1907   -44  -52  -24  -40  -46  -43  -36  -37  -33  -24  -52  -50    -40 -37    -38  -37  -39  -36  1907
1908   -46  -36  -58  -46  -41  -39  -35  -45  -33  -43  -51  -49    -44 -44    -44  -48  -40  -42  1908
1909   -70  -47  -52  -59  -54  -52  -43  -30  -37  -39  -32  -54    -47 -47    -55  -55  -41  -36  1909
1910   -43  -43  -48  -38  -34  -37  -32  -34  -37  -39  -57  -69    -43 -41    -47  -40  -34  -44  1910
1911   -63  -60  -62  -55  -52  -47  -41  -44  -39  -26  -20  -24    -44 -48    -64  -56  -44  -28  1911
1912   -28  -15  -38  -21  -20  -25  -41  -52  -48  -56  -38  -42    -35 -34    -23  -26  -39  -47  1912
1913   -41  -44  -43  -36  -45  -46  -36  -34  -34  -35  -18   -3    -35 -38    -42  -42  -39  -29  1913
1914     1  -14  -23  -27  -20  -23  -24  -14  -13   -5  -21   -9    -16 -16     -5  -24  -21  -13  1914
1915   -18   -1  -11    8   -3  -14   -3  -16  -13  -22  -14  -25    -11 -10    -10   -2  -11  -16  1915
1916   -19  -21  -32  -25  -26  -42  -33  -26  -28  -27  -42  -79    -33 -29    -22  -28  -34  -33  1916
1917   -47  -56  -49  -39  -48  -40  -23  -26  -18  -35  -27  -72    -40 -41    -60  -45  -29  -27  1917
1918   -44  -31  -19  -40  -37  -28  -20  -26  -14   -4  -16  -29    -26 -29    -49  -32  -25  -11  1918
1919   -19  -22  -27  -19  -20  -28  -21  -19  -17  -15  -30  -35    -23 -22    -23  -22  -23  -21  1919
1920   -15  -23   -6  -26  -25  -33  -32  -29  -19  -28  -33  -46    -26 -25    -24  -19  -31  -27  1920

Year   Jan  Feb  Mar  Apr  May  Jun  Jul  Aug  Sep  Oct  Nov  Dec    J-D D-N    DJF  MAM  JJA  SON  Year
1921    -4  -21  -28  -36  -36  -31  -15  -24  -17   -6  -16  -18    -21 -23    -24  -33  -23  -13  1921
1922   -32  -42  -13  -21  -34  -33  -26  -30  -28  -32  -16  -17    -27 -27    -31  -23  -29  -25  1922
1923   -26  -36  -31  -37  -33  -23  -28  -29  -27  -12    3   -5    -24 -25    -26  -34  -27  -12  1923
1924   -23  -26  -12  -35  -19  -27  -26  -34  -31  -35  -23  -41    -28 -25    -18  -22  -29  -30  1924
1925   -32  -33  -22  -24  -30  -33  -29  -18  -13  -17    4    9    -20 -24    -35  -25  -27   -9  1925
1926    20    7   12  -14  -24  -25  -20  -10  -10  -11   -7  -30     -9  -6     12   -9  -18   -9  1926
1927   -28  -19  -38  -31  -24  -27  -13  -18   -5   -1   -4  -36    -20 -20    -26  -31  -19   -3  1927
1928    -2  -11  -28  -29  -30  -41  -21  -25  -19  -19  -10  -20    -21 -22    -16  -29  -29  -16  1928
1929   -47  -58  -34  -42  -39  -43  -32  -29  -23  -15  -14  -52    -36 -33    -42  -38  -35  -17  1929
1930   -28  -23   -9  -25  -24  -18  -15   -9  -10   -8   14   -7    -13 -17    -35  -19  -14   -1  1930
1931   -10  -20   -6  -20  -22   -5    1   -1   -6    0  -11  -10     -9  -9    -12  -16   -2   -6  1931
1932    14  -17  -19   -8  -22  -29  -23  -24  -12   -9  -27  -22    -17 -15     -4  -16  -25  -16  1932
1933   -31  -30  -28  -23  -25  -32  -19  -23  -26  -23  -32  -46    -28 -26    -28  -25  -25  -27  1933
1934   -26   -3  -29  -27  -10  -13  -10   -9  -15  -10   -1   -8    -13 -17    -25  -22  -11   -9  1934
1935   -37   12  -13  -35  -26  -22  -19  -17  -17   -7  -28  -21    -19 -18    -11  -25  -19  -18  1935
1936   -29  -39  -25  -20  -16  -18   -6  -11   -5   -2   -4   -2    -15 -16    -29  -20  -12   -4  1936
1937    -8    7  -16  -16   -6   -7   -4    4   14   10   10  -10     -2  -1     -1  -13   -2   12  1937
1938     2   -2    7    5   -7  -16   -8   -4    4   13    3  -23     -2  -1     -3    2   -9    6  1938
1939   -12  -11  -19  -12   -6   -8   -5   -4    1   -2    6   41     -3  -8    -15  -13   -6    2  1939
1940   -13    6   12   16    7    6   11    1   13    8   13   20      8  10     11   11    6   11  1940

Year   Jan  Feb  Mar  Apr  May  Jun  Jul  Aug  Sep  Oct  Nov  Dec    J-D D-N    DJF  MAM  JJA  SON  Year
1941    13   22    6   10   10    4   16   14    3   25   13   15     13  13     18    9   11   13  1941
1942    28    6   11   13   15   11    2   -3    0    7   13   13     10  10     16   13    3    7  1942
1943     0   22    2   14   11    0   15    3   12   31   26   28     14  12     12    9    6   23  1943
1944    42   32   35   27   27   23   23   23   31   28   13    8     26  28     34   29   23   24  1944
1945    15    5   11   24   11    3    7   26   22   23   10   -9     12  14      9   15   12   18  1945
1946    15    6    0   11   -3  -17   -8   -8   -2   -5   -2  -28     -3  -2      4    3  -11   -3  1946
1947    -9   -6    5    4   -6    0   -6   -8  -14    7   -1  -16     -4  -5    -14    1   -5   -3  1947
1948     5  -12  -23   -9    7   -6  -13  -10  -11   -6   -9  -21     -9  -9     -8   -8  -10   -9  1948
1949    10  -15   -1   -7   -8  -23  -14   -8   -9   -3   -8  -16     -9  -9     -9   -5  -15   -6  1949
1950   -28  -26   -7  -20  -11   -6   -9  -17  -10  -19  -35  -19    -17 -17    -23  -13  -11  -21  1950
1951   -34  -43  -19  -10   -2   -5    1    6    7    7   -1   16     -6  -9    -32  -10    0    5  1951
1952    16   13   -9    1   -6   -4    5    7    8   -3  -16   -2      1   2     15   -5    3   -4  1952
1953     9   16   11   19    9    7    2    8    6    5   -5    4      8   7      7   13    6    2  1953
1954   -27  -10  -12  -17  -19  -15  -17  -13   -7    0    9  -16    -12 -10    -11  -16  -15    1  1954
1955    12  -21  -35  -22  -20   -7   -8    6  -14   -5  -28  -32    -14 -13     -9  -26   -3  -15  1955
1956   -15  -24  -22  -28  -28  -14  -12  -26  -19  -24  -15   -9    -20 -22    -24  -26  -17  -20  1956
1957   -13   -6   -7   -2    8   16    1   14    7    0    7   16      3   1     -9    0   10    5  1957
1958    38   23    9    2    8   -5    4   -6   -4    3    2    1      6   7     25    6   -2    0  1958
1959     6    9   20   16    6    2    7   -1   -5   -9   -9   -2      3   4      5   14    3   -7  1959
1960    -2   13  -36  -16   -8    1   -2    0    4    8  -12   18     -3  -4      3  -20    0    0  1960

Year   Jan  Feb  Mar  Apr  May  Jun  Jul  Aug  Sep  Oct  Nov  Dec    J-D D-N    DJF  MAM  JJA  SON  Year
1961     7   19   10   15   14   11   -3    0    5   -1    3  -15      5   8     15   13    3    2  1961
1962     7   14   11    5   -6    4   -2   -3   -2   -3    6   -2      2   1      2    3    0    0  1962
1963    -3   18  -15   -5  -10    2    8   24   20   15   15   -1      6   6      5  -10   11   16  1963
1964    -7  -11  -24  -30  -25   -7   -7  -22  -28  -30  -21  -30    -20 -18     -6  -26  -12  -26  1964
1965    -8  -18  -12  -19  -15  -10  -11   -1  -14   -4   -6   -6    -10 -12    -19  -16   -7   -8  1965
1966   -17   -1    5  -13  -11    2    9  -11   -2  -15   -2   -5     -5  -5     -8   -6    0   -6  1966
1967    -7  -19    4   -6   13   -8   -1    2   -5    7   -6   -2     -2  -2    -10    4   -2   -1  1967
1968   -23  -14   21   -5  -10   -6  -10  -11  -19   11   -4  -14     -7  -6    -13    2   -9   -4  1968
1969   -11  -14    1   19   20    5   -1    3   10   10   12   28      7   3    -13   13    2   11  1969
1970    10   23    8   10   -5   -2   -4  -11   11    4    2  -13      3   6     20    4   -6    6  1970
1971    -3  -21  -19  -11   -6  -18  -12   -3    0   -6   -4   -8     -9 -10    -12  -12  -11   -3  1971
1972   -25  -17    3   -1   -1    4    2   18    4    8    2   19      1  -1    -16    0    8    5  1972
1973    28   31   26   26   26   16    9    2    6   12    6   -6     15  17     26   26    9    8  1973
1974   -14  -28   -5  -10    0   -5   -3   11  -13   -7   -7  -10     -8  -7    -16   -5    1   -9  1974
1975     8    7   14    6   16   -1   -3  -21   -3   -9  -16  -17     -1  -1      2   12   -8   -9  1975
1976    -1   -7  -21   -9  -22  -15  -11  -17  -10  -26   -6    8    -11 -13     -8  -17  -14  -14  1976
1977    17   20   25   27   31   25   23   19    2    5   20    5     18  19     15   27   22    9  1977
1978     7   12   21   14    6   -3    6  -18    5    1   17   10      7   6      8   14   -5    8  1978
1979    14   -8   18   12    5   13    2   14   26   25   29   47     16  13      6   12   10   27  1979
1980    30   42   29   32   34   16   29   26   21   19   29   20     27  29     40   32   24   23  1980

Year   Jan  Feb  Mar  Apr  May  Jun  Jul  Aug  Sep  Oct  Nov  Dec    J-D D-N    DJF  MAM  JJA  SON  Year
1981    55   41   49   31   23   31   34   34   17   14   22   39     32  31     39   34   33   18  1981
1982     8   15   -2    9   15    5   12    8   16   13   13   42     13  13     21    7    8   14  1982
1983    52   40   42   30   36   18   16   31   38   16   31   17     31  33     45   36   21   28  1983
1984    31   18   29   10   34    5   15   15   19   15    4   -6     16  18     22   24   12   13  1984
1985    21   -6   17   11   18   16   -1   14   15   11   10   16     12  10      3   15   10   12  1985
1986    30   38   29   26   26   12   13   12    2   14   11   15     19  19     28   27   12    9  1986
1987    36   46   17   25   26   36   46   28   39   32   25   47     33  31     32   22   37   32  1987
1988    57   42   49   44   45   42   35   45   41   38   12   34     40  41     49   46   41   30  1988
1989    16   35   36   34   17   14   33   35   37   33   20   37     29  29     28   29   28   30  1989
1990    40   41   76   54   46   37   43   30   29   42   45   41     44  43     39   59   37   39  1990
1991    42   50   35   52   39   54   51   42   49   31   31   33     42  43     45   42   49   37  1991
1992    45   42   46   23   32   23   13   10    0    9    4   22     23  23     40   34   15    4  1992
1993    38   39   36   27   27   24   28   14   11   23    7   19     24  24     33   30   22   14  1993
1994    31    4   26   41   29   41   31   23   32   42   45   36     32  30     18   32   32   40  1994
1995    51   78   45   46   28   44   48   49   34   49   44   30     46  46     55   40   47   42  1995
1996    27   49   34   37   29   26   36   49   26   20   41   40     34  34     35   33   37   29  1996
1997    32   37   51   37   38   54   36   42   55   65   65   59     48  46     37   42   44   62  1997
1998    61   89   62   63   71   78   70   68   46   46   49   57     63  63     70   65   72   47  1998
1999    48   67   33   34   33   37   41   35   44   44   41   47     42  43     58   33   38   43  1999
2000    27   59   59   59   40   43   42   43   43   30   33   30     42  44     44   53   43   35  2000

Year   Jan  Feb  Mar  Apr  May  Jun  Jul  Aug  Sep  Oct  Nov  Dec    J-D D-N    DJF  MAM  JJA  SON  Year
2001    44   46   58   52   59   54   61   49   56   52   70   55     55  53     40   56   55   59  2001
2002    74   76   91   59   65   54   61   55   64   57   59   42     63  64     68   71   57   60  2002
2003    72   55   57   55   63   49   55   66   66   75   55   74     62  59     56   58   57   65  2003
2004    58   70   66   63   42   43   27   45   53   66   72   52     55  57     67   57   38   64  2004
2005    72   58   69   69   65   66   66   63   77   80   76   68     69  68     61   68   65   78  2005
2006    56   71   63   49   47   64   55   72   64   70   73   77     63  63     65   53   63   69  2006
2007    96   69   71   75   68   58   62   61   64   60   57   49     66  68     81   71   60   61  2007
2008    26   35   73   53   51   48   60   44   64   67   67   54     54  53     37   59   51   66  2008
2009    61   53   53   61   64   65   72   66   70   65   78   65     64  64     56   59   68   71  2009
2010    73   79   92   87   75   64   62   65   62   71   80   49     72  73     73   85   64   71  2010
2011    51   51   64   65   53   58   74   73   57   66   56   54     60  60     50   61   69   60  2011
2012    46   49   57   69   77   62   57   64   76   79   75   52     63  64     49   68   61   76  2012
2013    67   56   65   53   62   65   59   66   77   70   81   67     66  64     58   60   63   76  2013
2014    73   51   77   79   87   66   58   82   91   86   69   79     75  74     64   81   69   82  2014
2015    82   87   91   74   79   79   73   79   82  107  102  110     87  84     83   81   77   97  2015
2016   116  132  128  108   94   79   84 **** **** **** **** ****   **** ***    120  110 **** ****  2016
Year   Jan  Feb  Mar  Apr  May  Jun  Jul  Aug  Sep  Oct  Nov  Dec    J-D D-N    DJF  MAM  JJA  SON  Year

Divide by 100 to get changes in degrees Celsius (deg-C).
Multiply that result by 1.8(=9/5) to get changes in degrees Fahrenheit (deg-F).

Example      --      Table Value :      40
                          change :    0.40 deg-C  or  0.72 deg-F