             GLOBAL Land-Ocean Temperature Index in .01 C      base period: 1951-1980

                  sources: GHCN 1880-2/2007 + SST:    1880-11/1981 HadISST1
                                                   12/1981-2/2007 Reynolds v2
                    using elimination of outliers and homogeneity adjustment
                    Notes: 1950 DJF = Dec 1949 - Feb 1950 ;  ***** = missing

                                                                     AnnMean
Year   Jan  Feb  Mar  Apr  May  Jun  Jul  Aug  Sep  Oct  Nov  Dec    J-D D-N    DJF  MAM  JJA  SON  Year
1880   -21  -21  -23  -25  -30  -39  -22  -19  -21  -28  -32  -22    -25 -23    -14  -26  -27  -27  1880
1881   -29  -22   -3   -6   -5  -33  -10  -13  -30  -29  -34  -26    -20 -20    -24   -5  -19  -31  1881
1882    -6    5   -9  -28  -24  -30  -27  -17  -25  -36  -31  -47    -23 -21     -9  -20  -25  -31  1882
1883   -41  -37  -18  -17  -24   -9  -11  -18  -30  -30  -30  -23    -24 -26    -42  -20  -13  -30  1883
1884   -22  -16  -32  -38  -32  -37  -27  -26  -33  -33  -34  -33    -30 -29    -20  -34  -30  -34  1884
1885   -59  -30  -19  -35  -37  -42  -25  -28  -27  -26  -27  -13    -31 -32    -41  -30  -31  -27  1885
1886   -41  -39  -33  -15  -16  -29   -2  -18  -21  -34  -25  -27    -25 -24    -31  -21  -16  -27  1886
1887   -60  -51  -38  -40  -26  -25   -9  -29  -27  -42  -39  -38    -35 -34    -46  -34  -21  -36  1887
1888   -37  -45  -46  -34  -25  -25  -22  -26  -22  -12   -3  -22    -27 -28    -40  -35  -24  -12  1888
1889   -13    8   -5   -3   -6  -11  -17  -23  -24  -29  -36  -29    -16 -15     -9   -4  -17  -29  1889
1890   -45  -41  -31  -33  -44  -36  -29  -33  -38  -26  -53  -34    -37 -37    -38  -36  -33  -39  1890
1891   -45  -52  -19  -32  -20  -23  -26  -22  -19  -26  -40  -12    -28 -30    -44  -23  -24  -28  1891
1892   -39   -8  -35  -45  -31  -21  -34  -29  -23  -33  -42  -47    -32 -29    -20  -37  -28  -33  1892
1893   -87  -53  -16  -31  -37  -26  -12  -25  -24  -17  -22  -33    -32 -33    -62  -28  -21  -21  1893
1894   -49  -34  -22  -39  -33  -42  -21  -25  -38  -30  -39  -30    -33 -34    -39  -31  -29  -35  1894
1895   -54  -53  -30  -29  -30  -24  -21  -21  -14  -17  -13  -20    -27 -28    -45  -30  -22  -14  1895
1896   -20  -16  -29  -38  -16  -14  -11  -15  -13   -2  -17  -13    -17 -18    -19  -28  -13  -11  1896
1897   -21  -14  -18   -6   -1  -15   -3   -8  -16  -18  -19  -12    -13 -13    -16   -8   -8  -18  1897
1898     6  -23  -49  -26  -35  -20  -18  -16  -22  -32  -40  -27    -25 -24    -10  -37  -18  -31  1898
1899   -22  -37  -27  -21  -19  -23  -14  -11  -13   -5   13  -28    -17 -17    -28  -23  -16   -2  1899
1900   -32    2   -2  -12   -6   -9  -12  -12   -8   -2  -16  -11    -10 -11    -20   -7  -11   -9  1900

Year   Jan  Feb  Mar  Apr  May  Jun  Jul  Aug  Sep  Oct  Nov  Dec    J-D D-N    DJF  MAM  JJA  SON  Year
1901   -21   -1    0   -1  -13  -15  -19  -20  -26  -25  -25  -27    -16 -15    -11   -5  -18  -25  1901
1902   -16    0  -24  -29  -31  -30  -19  -28  -30  -32  -42  -46    -27 -26    -14  -28  -26  -35  1902
1903   -24    5  -14  -38  -35  -43  -29  -39  -45  -42  -31  -42    -31 -32    -22  -29  -37  -39  1903
1904   -51  -45  -30  -42  -39  -37  -35  -32  -41  -31  -11  -20    -34 -36    -46  -37  -35  -28  1904
1905   -30  -50  -18  -33  -27  -26  -20  -19  -20  -28   -9  -20    -25 -25    -33  -26  -22  -19  1905
1906   -30  -30  -22   -5  -23  -14  -22  -10  -25  -15  -36  -12    -20 -21    -27  -16  -16  -25  1906
1907   -45  -45  -25  -42  -50  -42  -38  -38  -29  -26  -44  -44    -39 -36    -34  -39  -39  -33  1907
1908   -41  -23  -49  -42  -32  -27  -23  -34  -24  -33  -42  -40    -34 -34    -36  -41  -28  -33  1908
1909   -58  -35  -45  -46  -40  -37  -34  -24  -26  -23  -21  -40    -36 -36    -44  -44  -32  -23  1909
1910   -28  -30  -34  -31  -35  -37  -22  -26  -31  -33  -42  -56    -34 -32    -33  -33  -28  -35  1910
1911   -52  -46  -48  -48  -40  -37  -26  -29  -26  -21  -17  -20    -34 -37    -51  -46  -31  -21  1911
1912   -22  -16  -36  -20  -23  -23  -40  -53  -50  -53  -34  -35    -34 -33    -19  -26  -39  -46  1912
1913   -39  -35  -35  -35  -41  -45  -36  -30  -31  -32  -19   -3    -32 -34    -36  -37  -37  -28  1913
1914    -6  -11  -21  -28  -19  -21  -18  -13  -18   -1  -17  -15    -16 -15     -7  -23  -17  -12  1914
1915   -21   -6  -14    2    0    2   -1  -14   -6  -21  -10  -20     -9  -9    -14   -4   -5  -12  1915
1916   -15  -16  -33  -26  -33  -35  -29  -22  -30  -22  -40  -66    -31 -27    -17  -31  -29  -31  1916
1917   -43  -53  -47  -40  -54  -38  -19  -24  -19  -39  -33  -70    -40 -40    -54  -47  -27  -30  1917
1918   -48  -41  -27  -43  -45  -31  -29  -37  -24   -9  -20  -32    -32 -35    -53  -38  -33  -18  1918
1919   -19  -20  -18  -10  -17  -16  -18  -15  -12  -17  -46  -34    -20 -20    -24  -15  -16  -25  1919
1920   -12  -19    1  -11  -11  -18  -22  -17  -20  -26  -28  -46    -19 -18    -22   -7  -19  -25  1920

Year   Jan  Feb  Mar  Apr  May  Jun  Jul  Aug  Sep  Oct  Nov  Dec    J-D D-N    DJF  MAM  JJA  SON  Year
1921     0  -17  -14  -13  -19  -11   -1  -24  -20   -8  -18  -18    -13 -16    -21  -15  -12  -15  1921
1922   -31  -36  -18  -23  -29  -24  -15  -25  -30  -26  -17  -17    -24 -24    -28  -24  -22  -24  1922
1923   -23  -28  -24  -33  -33  -22  -25  -29  -26   -7    3   -2    -21 -22    -23  -30  -25  -10  1923
1924   -24  -26  -10  -30  -20  -19  -18  -20  -23  -24  -14  -31    -22 -19    -17  -20  -19  -20  1924
1925   -28  -26  -18  -17  -24  -26  -20  -13  -17  -19   -1   16    -16 -20    -28  -20  -20  -12  1925
1926    22   12   21   -5  -13  -14  -10    1   -5   -2   -7  -21     -2   1     16    1   -8   -5  1926
1927   -19   -4  -30  -22  -19  -16   -5  -15   -7    3   -1  -29    -14 -13    -15  -24  -12   -2  1927
1928     5    1  -16  -24  -25  -27  -12  -15  -10  -10    0   -7    -12 -14     -8  -22  -18   -7  1928
1929   -31  -41  -22  -30  -32  -29  -25  -23  -21   -6    0  -40    -25 -22    -26  -28  -26   -9  1929
1930   -14  -13   -1  -16  -17  -15   -7   -2  -10   -6   18    0     -7 -10    -22  -12   -8    1  1930
1931     0  -18    0  -12   -9    6   11    4   -8    6   -1    2     -1  -2     -6   -7    7   -1  1931
1932    18  -11  -10   -2   -9  -18   -9  -10    3    4  -15  -14     -6  -5      3   -7  -12   -3  1932
1933   -20  -17  -17  -15  -17  -17   -5  -11  -18  -12  -25  -39    -18 -16    -17  -16  -11  -18  1933
1934   -14    5  -24  -22   -4   -5    0   -3  -14    0   10    5     -6  -9    -16  -17   -3   -1  1934
1935   -25   26   -1  -26  -22  -14  -10  -12  -14    1  -22  -12    -11  -9      2  -16  -12  -12  1935
1936   -19  -26  -14   -9  -10   -5   12    1    0    6    6   11     -4  -6    -19  -11    3    4  1936
1937     5   22   -5   -6    2    5   10    9   18   15   19   -1      8   9     13   -3    8   18  1937
1938    16   11   25   22    7   -3    7    7   13   22   16  -10     11  12      9   18    4   17  1938
1939     2    1  -13   -6   -1    3    6   -1    0   -4    6   38      2  -2     -2   -7    2    1  1939
1940   -17    2    5   12    5    4   19   -2    8    1    7   12      5   7      8    7    7    5  1940

Year   Jan  Feb  Mar  Apr  May  Jun  Jul  Aug  Sep  Oct  Nov  Dec    J-D D-N    DJF  MAM  JJA  SON  Year
1941    11   22    5   15    9    7   12    2  -13   21   11   22     10  10     15   10    7    7  1941
1942    22   -8    0    0    8    5    1   -2    1    2    2    6      3   4     12    3    1    2  1942
1943   -12   13   -5    9   16    2   15    6    5   23   18   26     10   8      2    7    8   16  1943
1944    37   26   22   11   19   12   19   16   27   24   15   13     20  21     30   18   16   22  1944
1945    16   13   13   18   -4    0    3   15    0    8    5   -9      7   8     14    9    6    4  1945
1946    14    9   -3    7   -7  -14   -3  -19   -3   -3   -4  -27     -4  -3      5   -1  -12   -3  1946
1947    -3    0   14    5   -3   -7   -2   -3   -7   12   12  -10      1  -1    -10    5   -4    6  1947
1948    14   -7   -8   -4    5    5  -10   -8   -8    1   -5  -19     -4  -3     -1   -2   -4   -4  1948
1949    15  -15   -3  -10   -8  -20   -9   -5   -6   -1   -6  -10     -7  -7     -6   -7  -12   -4  1949
1950   -24  -26   -2  -18  -14   -5   -9  -18  -11  -16  -30  -11    -15 -15    -20  -11  -11  -19  1950
1951   -32  -39  -17  -10    1   -4   -2   11    9   14    3   18     -4  -6    -27   -9    2    9  1951
1952    14   14   -8    6   -1    4    7    9    8   -3  -13   -4      3   4     15   -1    7   -3  1952
1953    10   18   16   19    7    4    5   10    9   10    1   15     10   9      8   14    6    7  1953
1954   -18   -4   -8  -10  -16  -13  -22  -17  -13   -3   12  -11    -10  -8     -2  -11  -17   -2  1954
1955    19  -13  -29  -17  -18  -12   -7   10   -8    1  -22  -28    -10  -9     -2  -21   -3  -10  1955
1956   -15  -24  -22  -21  -23  -13   -9  -25  -14  -20  -17   -7    -17 -19    -22  -22  -16  -17  1956
1957    -6    3    2   10   12   15    1   12    8    3   12   17      7   5     -3    8    9    7  1957
1958    41   23   14    4    6   -9    8   -2   -4    4    5    4      8   9     27    8   -1    2  1958
1959    11   12   22   15   10    6    6    1   -8   -3   -8    4      6   6      9   15    5   -6  1959
1960     1   17  -32  -14   -7   -3    0    6    4    6  -10   20     -1  -2      7  -18    1    0  1960

Year   Jan  Feb  Mar  Apr  May  Jun  Jul  Aug  Sep  Oct  Nov  Dec    J-D D-N    DJF  MAM  JJA  SON  Year
1961     5   21   10   11   21   12    1    4    8    6    5  -15      7  10     15   14    6    6  1961
1962     5   17   12   11   -9    8   -2   -4    3    2    8    0      4   3      2    5    1    4  1962
1963     1   19  -12   -7   -2    7   15   26   25    9   14    3      8   8      7   -7   16   16  1963
1964    -5   -8  -26  -32  -27   -2   -4  -24  -36  -29  -19  -30    -20 -17     -3  -28  -10  -28  1964
1965    -9  -18   -9  -18   -5  -11  -20   -5  -16   -5   -6   -5    -11 -13    -19  -11  -12   -9  1965
1966   -17   -1   11  -11   -7   -1   11   -5    1  -14    0   -4     -3  -3     -8   -2    2   -5  1966
1967    -7  -23    8   -1   12   -5    7    1    0   11   -2   -1      0   0    -11    7    1    3  1967
1968   -21  -13   25   -3   -8    1   -7   -4  -14   13   -3  -12     -4  -3    -12    5   -3   -1  1968
1969    -7   -8   -2   20   13   11   -3    1   10   14   16   30      8   4     -9   10    3   13  1969
1970    10   23   10    4   -4   -1    0  -12   14    4    5  -12      3   7     21    3   -4    8  1970
1971    -2  -19  -20   -9  -10  -20  -10   -1   -1   -4   -7  -10    -10 -10    -11  -13  -11   -4  1971
1972   -25  -20   -2    0   -2    6    1   21    5    4   -2   18      1  -2    -18   -1    9    3  1972
1973    26   29   26   25   22   17   10    2    7   13    5   -8     14  17     24   24    9    8  1973
1974   -14  -26   -4  -11   -4   -4   -1   11   -9   -6  -10  -11     -7  -7    -16   -7    2   -8  1974
1975     1    1   11   -4   18   -3   -5  -22   -8  -11  -16  -21     -5  -4     -3    8  -10  -12  1975
1976    -8  -12  -28  -17  -30  -15  -13  -20  -12  -30  -11    0    -16 -18    -14  -25  -16  -18  1976
1977    10   14   14   18   29   22   20   17   -5   -6   12    1     12  12      8   20   19    1  1977
1978     3    8   11    8    0   -9    5  -21    5   -4    7    1      1   1      4    7   -9    3  1978
1979     6  -18    8   10   -6    3   -8    8   18   17   19   39      8   5     -4    4    1   18  1979
1980    21   27   21   22   27    9   18   12   13    8   23   10     18  20     29   23   13   14  1980

Year   Jan  Feb  Mar  Apr  May  Jun  Jul  Aug  Sep  Oct  Nov  Dec    J-D D-N    DJF  MAM  JJA  SON  Year
1981    47   37   43   23   15   20   30   35   11    6   18   29     26  24     31   27   28   12  1981
1982     1    7  -11    1   13   -1   13   -7    0    2    4   34      5   4     12    1    2    2  1982
1983    44   37   36   26   29   17   11   29   34    9   23   11     26  28     38   30   19   22  1983
1984    23    6   20    0   29   -5   13   11   17    4   -6  -15      8  10     13   17    6    5  1984
1985    15  -12   12    5    5   12   -4   11    6    4   -3    7      5   3     -4    7    6    2  1985
1986    20   38   24   17   11    5    5   11    1    5    1    6     12  12     22   18    7    3  1986
1987    25   37   16   20   17   29   38   14   28   25   22   43     26  23     22   17   27   25  1987
1988    51   35   46   34   36   38   25   28   29   28   -3   18     30  33     43   39   30   18  1988
1989     3   29   26   14    2    5   27   26   30   25    8   27     18  18     17   14   19   21  1989
1990    32   28   67   48   36   30   47   26   16   39   41   37     37  36     29   50   34   32  1990
1991    35   45   29   43   29   49   49   38   38   21   18   24     35  36     39   34   45   26  1991
1992    39   35   35   14   19   16    0    1  -12   -5  -10   11     12  13     33   23    6   -9  1992
1993    28   28   29   15   17    9   10    3    0   14    2    6     13  14     22   20    7    5  1993
1994    24   -5   20   26   16   35   21   16   29   37   33   25     23  22      8   20   24   33  1994
1995    42   71   43   38    7   34   50   37   22   44   37   25     38  38     46   30   40   34  1995
1996    26   47   32   24   18   17   37   43   25   16   35   32     29  29     33   25   32   26  1996
1997    26   29   46   33   31   50   25   35   40   49   56   53     39  38     29   36   37   48  1997
1998    52   79   55   54   60   66   70   61   41   39   43   50     56  56     61   57   65   41  1998
1999    40   59   26   25   20   35   28   28   26   30   31   33     32  33     50   24   30   29  1999
2000    17   51   45   52   28   35   32   37   31   18   26   20     33  34     33   41   34   25  2000

Year   Jan  Feb  Mar  Apr  May  Jun  Jul  Aug  Sep  Oct  Nov  Dec    J-D D-N    DJF  MAM  JJA  SON  Year
2001    38   41   53   39   50   46   50   44   47   43   67   51     47  45     33   47   47   52  2001
2002    71   70   83   58   57   48   57   44   48   50   51   36     56  57     64   66   50   50  2002
2003    64   51   51   48   50   38   47   62   59   65   50   69     54  52     50   50   49   58  2003
2004    52   67   58   50   36   32   20   43   46   58   64   51     48  50     63   48   32   56  2004
2005    69   55   70   64   55   60   54   56   68   71   63   59     62  61     58   63   57   68  2005
2006    44   57   55   46   42   52   42   58   55   61   62   70     54  53     53   48   51   59  2006
2007    87   62**************************************************  *********     73***************  2007
Year   Jan  Feb  Mar  Apr  May  Jun  Jul  Aug  Sep  Oct  Nov  Dec    J-D D-N    DJF  MAM  JJA  SON  Year

Divide by 100 to get changes in degrees Centigrade.
Multiply that result by 1.8(=9/5) to get changes in degrees Fahrenheit.

Best estimate for absolute global mean for 1951-1980 is  14C = 57.2F,
so add that to the temperature change if you want to use an absolute scale.
Example     --     Table Value :      40
                        change :     .40C  or   .72F
                     abs. scale:   14.40C  or 57.92F
