        GLOBAL Land-Ocean Temperature Index in 0.01 degrees Celsius   base period: 1951-1980

                    sources:  GHCN-v3 1880-01/2015 + SST: ERSST 1880-01/2015
                    using elimination of outliers and homogeneity adjustment
                    Notes: 1950 DJF = Dec 1949 - Feb 1950 ;  ***** = missing

                                                                     AnnMean
Year   Jan  Feb  Mar  Apr  May  Jun  Jul  Aug  Sep  Oct  Nov  Dec    J-D D-N    DJF  MAM  JJA  SON  Year
1880   -34  -28  -23  -30  -17  -24  -20  -12  -20  -19  -17  -22    -22 ***   ****  -23  -18  -19  1880
1881   -13  -16   -2   -2   -2  -26  -11   -7  -17  -22  -27  -17    -14 -14    -17   -2  -15  -22  1881
1882     4    5   -1  -23  -19  -31  -26  -10  -10  -24  -24  -37    -16 -15     -3  -14  -22  -20  1882
1883   -38  -37  -12  -19  -20   -7   -2  -13  -19  -19  -28  -20    -19 -21    -37  -17   -7  -22  1883
1884   -20  -14  -30  -35  -33  -36  -31  -24  -28  -25  -29  -25    -27 -27    -18  -33  -30  -27  1884
1885   -56  -28  -19  -36  -34  -40  -27  -24  -17  -14  -13    1    -26 -28    -37  -30  -30  -15  1885
1886   -36  -42  -34  -22  -21  -30  -12  -20  -11  -22  -28  -17    -25 -23    -26  -26  -21  -20  1886
1887   -59  -42  -25  -33  -28  -25  -18  -28  -23  -32  -28  -40    -32 -30    -39  -29  -24  -28  1887
1888   -42  -40  -39  -24  -25  -20  -10  -13  -10   -3   -1  -10    -20 -22    -41  -29  -14   -4  1888
1889   -18   16    7    8   -1   -9  -12  -18  -18  -21  -31  -29    -10  -9     -4    5  -13  -23  1889
1890   -40  -37  -37  -34  -44  -29  -25  -32  -31  -21  -44  -29    -33 -33    -35  -38  -28  -32  1890
1891   -42  -49  -18  -27  -21  -26  -25  -21  -16  -27  -40  -12    -27 -28    -40  -22  -24  -28  1891
1892   -35  -14  -36  -38  -34  -31  -34  -28  -20  -17  -48  -43    -32 -29    -21  -36  -31  -28  1892
1893   -85  -58  -28  -35  -44  -34  -17  -28  -24  -22  -21  -37    -36 -37    -62  -36  -27  -22  1893
1894   -55  -34  -25  -46  -38  -41  -26  -22  -25  -23  -34  -27    -33 -34    -42  -36  -30  -27  1894
1895   -50  -49  -30  -23  -30  -27  -19  -18   -9  -13  -16  -20    -25 -26    -42  -28  -22  -13  1895
1896   -31  -21  -34  -39  -24  -17  -10  -10   -7    3  -17  -14    -18 -19    -24  -32  -12   -7  1896
1897   -22  -22  -24  -12  -11  -23  -13  -18  -13  -18  -24  -28    -19 -18    -19  -16  -18  -19  1897
1898   -13  -39  -57  -35  -36  -24  -27  -27  -23  -36  -40  -26    -32 -32    -27  -43  -26  -33  1898
1899   -21  -40  -36  -21  -26  -36  -20  -14   -7   -7    6  -31    -21 -21    -29  -28  -23   -3  1899
1900   -38   -3    0  -17  -15  -22  -20  -16  -15   -6  -21  -15    -16 -17    -24  -11  -19  -14  1900

Year   Jan  Feb  Mar  Apr  May  Jun  Jul  Aug  Sep  Oct  Nov  Dec    J-D D-N    DJF  MAM  JJA  SON  Year
1901   -34   -9   -1  -13  -24  -18  -19  -23  -25  -35  -25  -34    -22 -20    -19  -12  -20  -28  1901
1902   -21   -4  -30  -31  -35  -38  -30  -32  -27  -35  -42  -48    -31 -30    -20  -32  -34  -35  1902
1903   -27   -2  -21  -40  -41  -47  -37  -43  -43  -47  -45  -53    -37 -37    -25  -34  -42  -45  1903
1904   -66  -56  -44  -52  -51  -45  -47  -44  -47  -38  -19  -26    -44 -47    -59  -49  -45  -35  1904
1905   -34  -61  -28  -35  -31  -32  -31  -26  -21  -28  -12  -24    -30 -30    -40  -31  -30  -20  1905
1906   -31  -33  -16   -8  -25  -26  -33  -26  -30  -28  -48  -21    -27 -27    -29  -16  -28  -35  1906
1907   -46  -54  -33  -45  -51  -46  -39  -36  -33  -26  -53  -52    -43 -40    -40  -43  -40  -37  1907
1908   -45  -36  -57  -45  -38  -41  -42  -46  -34  -44  -50  -48    -44 -44    -44  -47  -43  -43  1908
1909   -66  -47  -51  -57  -55  -52  -42  -31  -36  -41  -34  -56    -47 -47    -54  -55  -42  -37  1909
1910   -46  -44  -49  -47  -45  -45  -37  -37  -39  -44  -56  -67    -46 -45    -49  -47  -40  -46  1910
1911   -64  -59  -64  -55  -52  -50  -40  -42  -38  -27  -23  -26    -45 -48    -63  -57  -44  -29  1911
1912   -30  -19  -42  -29  -30  -32  -48  -59  -55  -63  -46  -49    -42 -40    -25  -33  -46  -55  1912
1913   -48  -48  -46  -41  -49  -48  -39  -38  -39  -41  -26  -11    -40 -43    -48  -46  -42  -35  1913
1914    -4  -20  -27  -33  -27  -32  -36  -26  -23  -13  -24  -17    -23 -23    -11  -29  -31  -20  1914
1915   -26   -9  -17   -4  -16  -20  -11  -20  -17  -25  -13  -23    -17 -16    -17  -12  -17  -19  1915
1916   -21  -23  -33  -32  -34  -46  -34  -34  -34  -31  -40  -75    -36 -32    -22  -33  -38  -35  1916
1917   -44  -55  -52  -45  -59  -45  -26  -29  -27  -44  -34  -73    -44 -44    -58  -52  -33  -35  1917
1918   -44  -36  -26  -44  -41  -35  -29  -32  -21  -10  -22  -40    -32 -35    -51  -37  -32  -18  1918
1919   -26  -29  -30  -23  -33  -35  -29  -26  -23  -21  -39  -38    -29 -30    -32  -29  -30  -28  1919
1920   -16  -24   -6  -23  -24  -28  -27  -29  -30  -37  -38  -50    -28 -27    -26  -18  -28  -35  1920

Year   Jan  Feb  Mar  Apr  May  Jun  Jul  Aug  Sep  Oct  Nov  Dec    J-D D-N    DJF  MAM  JJA  SON  Year
1921    -7  -23  -25  -27  -28  -23  -13  -26  -20  -15  -24  -23    -21 -23    -27  -27  -21  -20  1921
1922   -35  -44  -19  -25  -33  -33  -27  -33  -32  -33  -20  -23    -30 -30    -34  -26  -31  -28  1922
1923   -28  -36  -30  -38  -35  -28  -34  -32  -29  -15   -3   -6    -26 -28    -29  -34  -31  -16  1923
1924   -21  -23   -9  -31  -21  -27  -26  -30  -27  -31  -16  -36    -25 -22    -17  -20  -28  -24  1924
1925   -33  -35  -25  -23  -32  -36  -29  -20  -17  -21   -2    5    -22 -26    -35  -26  -28  -13  1925
1926    14    5   11  -13  -24  -25  -23  -15  -10  -10   -6  -26    -10  -8      8   -9  -21   -9  1926
1927   -23  -16  -35  -29  -19  -25  -16  -22   -9    1   -3  -32    -19 -19    -22  -28  -21   -4  1927
1928     0   -6  -25  -25  -26  -34  -17  -22  -17  -16   -5  -14    -17 -19    -12  -25  -24  -13  1928
1929   -39  -53  -30  -37  -33  -39  -34  -28  -21  -11  -10  -49    -32 -29    -35  -34  -34  -14  1929
1930   -23  -22   -5  -21  -23  -19  -17  -13  -11   -9   14   -4    -13 -17    -31  -16  -16   -2  1930
1931    -5  -20   -6  -16  -19   -9   -3   -3   -5    2   -7   -4     -8  -8    -10  -14   -5   -3  1931
1932    15  -16  -14   -1  -16  -25  -20  -19   -5   -1  -20  -18    -12 -10     -2  -10  -22   -8  1932
1933   -27  -28  -26  -22  -25  -30  -19  -21  -23  -20  -28  -41    -26 -24    -24  -24  -23  -24  1933
1934   -20    0  -29  -28   -8  -11   -5   -9  -15   -5    6    0    -10 -14    -20  -21   -8   -5  1934
1935   -30   17  -10  -31  -25  -19  -15  -16  -13   -2  -25  -18    -16 -14     -4  -22  -17  -13  1935
1936   -22  -34  -22  -17  -12  -14    0   -6   -3   -2   -2    1    -11 -13    -25  -17   -7   -2  1936
1937    -5   11  -12  -10   -2    0    0    7   15   13   14   -4      2   3      2   -8    2   14  1937
1938    10    3   14   11   -1   -9    1    2   10   18   11  -14      5   6      3    8   -2   13  1938
1939    -2   -3  -16   -7   -1   -5   -4   -5   -3   -1    4   40      0  -5     -6   -8   -5    0  1939
1940   -12    8    9   15    6    3    7   -2   10    6    8   12      6   8     12   10    3    8  1940

Year   Jan  Feb  Mar  Apr  May  Jun  Jul  Aug  Sep  Oct  Nov  Dec    J-D D-N    DJF  MAM  JJA  SON  Year
1941     5   18   -1    8   10    6   13    5   -7   17    6    7      7   8     12    6    8    5  1941
1942    27    2    6    8    7    2   -2   -4   -3    0    5    6      4   5     12    7   -1    1  1942
1943   -12    9   -7    8    4   -8    6    0    5   22   15   19      5   4      1    1   -1   14  1943
1944    30   18   18   10   12    9   10    9   19   17    6   -2     13  15     23   14   10   14  1944
1945     1  -10   -1    9   -2   -8   -6   16    8    9    1  -16      0   1     -4    2    1    6  1945
1946    14    6   -4    3  -10  -16  -10  -15   -8  -14   -5  -32     -8  -6      1   -4  -14   -9  1946
1947   -11   -9    4    3   -7   -9   -7   -8  -13    9    5  -10     -5  -6    -18    0   -8    0  1947
1948    12  -12  -21   -9    1   -6  -13  -14  -17  -11  -15  -19    -10 -10     -3  -10  -11  -14  1948
1949    11  -17   -5  -12  -12  -25  -17  -11  -13   -6   -9  -18    -11 -11     -8  -10  -18   -9  1949
1950   -29  -29   -7  -19  -11  -10  -15  -21  -12  -18  -33  -19    -19 -19    -25  -12  -16  -21  1950
1951   -33  -43  -21   -9    4   -5    0    7    5   10   -2   12     -6  -9    -32   -9    1    5  1951
1952    13   11  -10    5    0   -2    7    5    7   -2  -15   -1      2   3     12   -1    3   -3  1952
1953    11   20   13   19   10    6    0    8    7    7   -3    6      9   8     10   14    5    4  1953
1954   -22  -10  -14  -15  -19  -14  -17  -14   -6   -1    9  -15    -11 -10     -9  -16  -15    1  1954
1955    16  -16  -32  -18  -20  -10   -8    9   -9   -3  -26  -31    -12 -11     -5  -23   -3  -13  1955
1956   -16  -23  -19  -24  -25  -14   -9  -27  -15  -22  -15   -9    -18 -20    -23  -23  -17  -17  1956
1957   -11   -7   -8   -1    5   12   -3   15    9    0    6   16      3   1     -9   -1    8    5  1957
1958    37   24    9    2    5  -11    0   -8   -7    1    2   -1      4   6     26    6   -7   -1  1958
1959     8    7   17   14    3    2    5   -1   -5   -9   -8    1      3   3      5   11    2   -7  1959
1960    -4   12  -36  -17  -11   -3   -6   -1    5    6  -12   16     -4  -5      3  -21   -3    0  1960

Year   Jan  Feb  Mar  Apr  May  Jun  Jul  Aug  Sep  Oct  Nov  Dec    J-D D-N    DJF  MAM  JJA  SON  Year
1961     5   18    8   12   13   12    0    3    5    0    3  -16      5   8     13   11    5    3  1961
1962     7   15   10    7   -5    4    2    1   -1    0    9    0      4   3      2    4    2    3  1962
1963    -1   20  -15   -6   -5    6   13   25   21   16   18    1      8   8      7   -9   14   18  1963
1964    -7  -11  -23  -30  -25   -5   -6  -23  -29  -29  -18  -28    -19 -17     -5  -26  -11  -25  1964
1965    -6  -16  -10  -19  -12  -11  -13   -4  -15   -5   -5   -5    -10 -12    -17  -13   -9   -8  1965
1966   -16    0    7  -12   -9    1    7   -7   -1  -12    0   -4     -4  -4     -7   -5    0   -4  1966
1967    -5  -18    8   -2   14   -8    1    2   -5    9   -5    0     -1  -1     -9    6   -2    0  1967
1968   -21  -12   26   -2  -10   -5   -7   -8  -17   11   -5  -13     -5  -4    -11    4   -7   -4  1968
1969   -11  -14    0   16   15    6   -3    2    9   12   14   29      6   3    -13   10    2   12  1969
1970    10   24    9    9   -3    1    0   -8   11    5    2  -11      4   8     21    5   -2    6  1970
1971    -1  -18  -16   -8   -3  -16   -9    0    2   -3   -2   -5     -7  -7    -10   -9   -8   -1  1971
1972   -24  -16    3   -1    1    9    4   18    2    8    2   20      2   0    -15    1   10    4  1972
1973    28   31   26   26   25   18   10    4    9   13    5   -6     16  18     26   25   10    9  1973
1974   -14  -26   -5  -10   -2   -6   -3   10  -11   -6   -7   -8     -7  -7    -15   -6    0   -8  1974
1975     8    7   14    4   15    2    0  -20   -3  -10  -16  -18     -1  -1      2   11   -6  -10  1975
1976    -3   -8  -22   -9  -22  -15   -9  -16  -10  -29   -8    4    -12 -14    -10  -18  -14  -16  1976
1977    12   15   21   22   27   25   20   16   -3   -1   16    3     14  14     10   23   20    4  1977
1978     5   10   19   12    4   -1    5  -17    7    1   14    5      5   5      6   12   -4    7  1978
1979    10  -12   14    8    0    9   -3    8   20   19   23   42     11   8      1    7    5   21  1979
1980    24   36   25   29   29   14   22   22   18   13   23   15     22  25     34   28   19   18  1980

Year   Jan  Feb  Mar  Apr  May  Jun  Jul  Aug  Sep  Oct  Nov  Dec    J-D D-N    DJF  MAM  JJA  SON  Year
1981    51   37   45   27   20   26   28   29   12    7   16   35     28  26     34   31   28   12  1981
1982     4   12   -7    5   10    2   11    4    9    8    9   38      9   8     17    3    6    9  1982
1983    49   35   37   27   33   17   13   27   34   11   27   12     27  29     41   32   19   24  1983
1984    25   11   24    5   31    3   12   11   13   10    0   -8     12  13     16   20    9    8  1984
1985    19   -9   12    5   13   14   -4   10    9    8    5   10      8   6      1   10    7    7  1985
1986    24   32   24   21   21   11    9    8   -3    8    5   10     14  14     22   22    9    3  1986
1987    30   40   12   21   21   31   40   21   33   26   20   43     28  25     27   18   31   26  1987
1988    52   36   44   39   39   37   30   40   36   34    6   27     35  36     44   41   36   26  1988
1989    11   31   32   27   12   11   29   31   31   28   14   32     24  24     23   23   23   24  1989
1990    35   35   71   49   41   33   38   26   25   37   40   38     39  39     34   54   33   34  1990
1991    38   46   32   46   33   50   47   37   42   26   27   30     38  39     41   37   45   32  1991
1992    41   37   43   21   29   21   10    6   -4    5    0   18     19  20     36   31   12    0  1992
1993    34   37   33   22   23   19   24   11    6   18    4   16     21  21     30   26   18    9  1993
1994    26   -1   24   38   25   37   26   18   29   40   43   35     28  27     14   29   27   37  1994
1995    48   76   42   44   26   42   46   44   29   45   41   28     43  43     53   37   44   39  1995
1996    24   46   31   33   27   25   33   47   24   19   39   39     32  31     33   30   35   27  1996
1997    31   36   52   35   36   51   33   39   52   61   61   58     45  44     35   41   41   58  1997
1998    59   86   62   62   67   75   67   67   44   41   46   55     61  61     68   64   70   44  1998
1999    47   66   31   33   30   37   40   34   39   40   38   44     40  41     56   31   37   39  1999
2000    23   56   55   58   39   42   40   42   41   26   31   26     40  41     41   51   41   33  2000

Year   Jan  Feb  Mar  Apr  May  Jun  Jul  Aug  Sep  Oct  Nov  Dec    J-D D-N    DJF  MAM  JJA  SON  Year
2001    41   45   57   50   56   53   59   48   52   47   67   52     52  50     38   55   53   55  2001
2002    71   73   89   56   62   54   58   52   62   54   58   42     61  62     65   69   55   58  2002
2003    71   54   55   51   60   46   53   64   62   72   52   72     59  57     55   55   55   62  2003
2004    55   66   63   58   40   40   22   40   49   62   69   48     51  53     64   54   34   60  2004
2005    68   56   66   66   61   63   61   59   73   76   71   64     65  64     57   64   61   73  2005
2006    53   65   58   44   43   60   50   65   58   65   69   74     59  58     61   49   59   64  2006
2007    93   65   67   71   63   55   57   56   61   56   54   46     62  64     77   67   56   57  2007
2008    22   31   69   48   46   43   54   39   59   61   62   51     49  48     33   54   45   61  2008
2009    56   48   49   56   59   61   66   61   64   57   71   58     59  58     52   55   63   64  2009
2010    65   74   87   81   70   60   56   59   56   65   74   45     66  67     66   80   58   65  2010
2011    45   44   57   60   47   54   70   69   52   60   50   47     55  54     45   55   64   54  2011
2012    38   43   52   61   71   58   50   56   67   72   69   46     57  57     43   61   55   69  2012
2013    61   52   59   47   55   60   52   61   72   60   76   61     60  59     53   54   58   69  2013
2014    68   44   70   71   78   61   50   74   81   78   64   73     68  67     57   73   62   74  2014
2015    75 **** **** **** **** **** **** **** **** **** **** ****   **** ***   **** **** **** ****  2015
Year   Jan  Feb  Mar  Apr  May  Jun  Jul  Aug  Sep  Oct  Nov  Dec    J-D D-N    DJF  MAM  JJA  SON  Year
       
Divide by 100 to get changes in degrees Celsius (deg-C).
Multiply that result by 1.8(=9/5) to get changes in degrees Fahrenheit (deg-F).

Best estimate for absolute global mean for 1951-1980 is  14.0 deg-C or 57.2 deg-F,
so add that to the temperature change if you want to use an absolute scale
(this note applies to global annual means only, J-D and D-N !)

Example      --      Table Value :      40
                          change :    0.40 deg-C  or  0.72 deg-F
abs. scale if global annual mean :   14.40 deg-C  or 57.92 deg-F
