        GLOBAL Land-Ocean Temperature Index in 0.01 degrees Celsius   base period: 1951-1980

                    sources:  GHCN-v3 1880-02/2015 + SST: ERSST 1880-02/2015
                    using elimination of outliers and homogeneity adjustment
                    Notes: 1950 DJF = Dec 1949 - Feb 1950 ;  ***** = missing

                                                                     AnnMean
Year   Jan  Feb  Mar  Apr  May  Jun  Jul  Aug  Sep  Oct  Nov  Dec    J-D D-N    DJF  MAM  JJA  SON  Year
1880   -34  -27  -22  -30  -16  -24  -19  -11  -20  -19  -17  -21    -22 ***   ****  -23  -18  -18  1880
1881   -13  -15   -2   -2   -2  -26  -11   -7  -17  -22  -27  -17    -13 -14    -16   -2  -14  -22  1881
1882     4    5   -1  -23  -19  -31  -26  -10  -10  -24  -24  -36    -16 -15     -3  -14  -22  -19  1882
1883   -38  -37  -12  -19  -20   -7   -2  -13  -19  -19  -28  -20    -19 -21    -37  -17   -7  -22  1883
1884   -19  -14  -30  -35  -33  -36  -31  -24  -28  -24  -28  -25    -27 -27    -18  -33  -30  -27  1884
1885   -56  -28  -18  -36  -34  -39  -27  -24  -17  -14  -13    1    -25 -28    -36  -29  -30  -14  1885
1886   -36  -42  -34  -22  -21  -30  -12  -20  -11  -22  -28  -17    -24 -23    -26  -25  -21  -20  1886
1887   -59  -42  -25  -33  -27  -24  -18  -28  -23  -32  -28  -40    -32 -30    -39  -29  -23  -28  1887
1888   -42  -39  -38  -24  -25  -20  -10  -12  -10   -3    0   -9    -19 -22    -40  -29  -14   -4  1888
1889   -18   16    7    8   -1   -9  -12  -18  -17  -20  -31  -29    -10  -9     -4    5  -13  -23  1889
1890   -40  -37  -36  -34  -43  -28  -24  -32  -31  -21  -44  -29    -33 -33    -35  -38  -28  -32  1890
1891   -42  -49  -18  -27  -21  -26  -25  -21  -16  -27  -40  -12    -27 -28    -40  -22  -24  -28  1891
1892   -35  -14  -35  -38  -34  -31  -34  -27  -20  -17  -47  -43    -31 -29    -20  -36  -31  -28  1892
1893   -84  -58  -28  -35  -44  -34  -17  -28  -23  -21  -21  -37    -36 -36    -62  -35  -26  -22  1893
1894   -54  -34  -24  -46  -37  -41  -26  -22  -25  -23  -34  -26    -33 -34    -42  -36  -30  -27  1894
1895   -50  -49  -29  -23  -30  -27  -19  -18   -9  -12  -16  -20    -25 -26    -42  -27  -21  -12  1895
1896   -31  -20  -33  -39  -24  -17   -9  -10   -6    3  -16  -13    -18 -19    -24  -32  -12   -7  1896
1897   -22  -22  -24  -12  -11  -23  -13  -18  -13  -19  -25  -28    -19 -18    -19  -16  -18  -19  1897
1898   -13  -39  -57  -35  -36  -24  -27  -26  -23  -36  -40  -26    -32 -32    -27  -43  -26  -33  1898
1899   -21  -39  -36  -21  -25  -36  -20  -14   -6   -7    6  -31    -21 -20    -29  -27  -23   -3  1899
1900   -38   -3    1  -17  -15  -22  -19  -15  -15   -5  -20  -14    -15 -17    -24  -10  -19  -13  1900

Year   Jan  Feb  Mar  Apr  May  Jun  Jul  Aug  Sep  Oct  Nov  Dec    J-D D-N    DJF  MAM  JJA  SON  Year
1901   -33   -8    0  -12  -23  -17  -18  -22  -24  -35  -25  -33    -21 -19    -18  -12  -19  -28  1901
1902   -20   -4  -29  -31  -35  -38  -30  -32  -26  -35  -42  -47    -31 -30    -19  -32  -33  -34  1902
1903   -26   -1  -20  -39  -41  -47  -36  -42  -42  -47  -45  -53    -37 -36    -25  -33  -42  -45  1903
1904   -66  -55  -43  -51  -49  -45  -47  -43  -46  -37  -18  -26    -44 -46    -58  -48  -45  -34  1904
1905   -33  -61  -28  -36  -31  -31  -30  -25  -21  -27  -12  -24    -30 -30    -40  -32  -29  -20  1905
1906   -31  -33  -16   -7  -24  -26  -33  -25  -30  -28  -48  -21    -27 -27    -29  -16  -28  -35  1906
1907   -46  -54  -33  -45  -51  -45  -39  -36  -32  -26  -53  -52    -43 -40    -40  -43  -40  -37  1907
1908   -45  -36  -57  -45  -38  -41  -42  -46  -34  -44  -50  -48    -44 -44    -44  -46  -43  -43  1908
1909   -66  -47  -51  -57  -55  -52  -41  -31  -35  -40  -34  -56    -47 -46    -54  -54  -41  -36  1909
1910   -45  -44  -49  -46  -45  -45  -36  -37  -38  -44  -55  -66    -46 -45    -48  -47  -39  -46  1910
1911   -63  -58  -64  -54  -52  -50  -40  -42  -37  -26  -23  -25    -45 -48    -63  -56  -44  -29  1911
1912   -30  -19  -42  -28  -29  -32  -48  -59  -54  -63  -45  -49    -41 -39    -25  -33  -46  -54  1912
1913   -48  -48  -45  -41  -49  -48  -39  -38  -39  -41  -26  -10    -39 -42    -48  -45  -41  -35  1913
1914    -3  -19  -27  -32  -27  -31  -35  -25  -23  -12  -24  -17    -23 -22    -11  -29  -31  -20  1914
1915   -26   -9  -16   -4  -16  -20  -11  -20  -17  -25  -13  -23    -17 -16    -17  -12  -17  -18  1915
1916   -20  -23  -33  -32  -34  -46  -33  -34  -34  -31  -40  -75    -36 -32    -22  -33  -38  -35  1916
1917   -43  -54  -52  -45  -58  -44  -25  -28  -26  -43  -33  -73    -44 -44    -57  -51  -33  -34  1917
1918   -44  -35  -26  -44  -41  -34  -29  -32  -21  -10  -21  -39    -31 -34    -51  -37  -32  -17  1918
1919   -25  -29  -29  -23  -32  -34  -29  -25  -22  -21  -39  -37    -29 -29    -31  -28  -30  -27  1919
1920   -15  -23   -6  -23  -23  -28  -26  -28  -30  -37  -38  -50    -27 -26    -25  -17  -28  -35  1920

Year   Jan  Feb  Mar  Apr  May  Jun  Jul  Aug  Sep  Oct  Nov  Dec    J-D D-N    DJF  MAM  JJA  SON  Year
1921    -6  -22  -25  -27  -27  -23  -13  -26  -20  -15  -23  -22    -21 -23    -26  -26  -21  -19  1921
1922   -34  -43  -19  -24  -33  -33  -27  -33  -32  -33  -19  -23    -29 -29    -33  -25  -31  -28  1922
1923   -27  -36  -30  -38  -35  -27  -34  -32  -29  -15   -2   -5    -26 -27    -29  -34  -31  -15  1923
1924   -21  -22   -8  -31  -21  -26  -26  -30  -26  -30  -15  -36    -24 -22    -16  -20  -27  -24  1924
1925   -33  -34  -24  -22  -31  -35  -29  -19  -16  -21   -2    6    -22 -25    -34  -26  -28  -13  1925
1926    15    6   11  -12  -23  -24  -22  -15  -10  -10   -5  -25    -10  -7      9   -8  -21   -8  1926
1927   -22  -16  -34  -29  -19  -24  -17  -22   -8    2   -2  -31    -19 -18    -21  -27  -21   -3  1927
1928     1   -6  -24  -23  -25  -33  -16  -21  -16  -15   -4  -13    -16 -18    -12  -24  -23  -12  1928
1929   -39  -52  -30  -36  -32  -38  -33  -27  -20  -10   -9  -48    -31 -28    -34  -33  -33  -13  1929
1930   -22  -21   -4  -20  -22  -18  -16  -12  -10   -8   16   -3    -12 -16    -30  -15  -15   -1  1930
1931    -4  -19   -6  -15  -18   -8   -2   -2   -4    3   -6   -4     -7  -7     -9  -13   -4   -2  1931
1932    16  -15  -14   -1  -15  -25  -19  -18   -4    0  -19  -17    -11 -10     -1  -10  -21   -8  1932
1933   -26  -27  -25  -22  -24  -29  -18  -20  -22  -20  -27  -40    -25 -23    -24  -23  -23  -23  1933
1934   -19    1  -28  -27   -7  -10   -5   -8  -15   -5    7    1    -10 -13    -19  -21   -8   -4  1934
1935   -29   17   -9  -30  -25  -19  -14  -15  -13   -2  -24  -17    -15 -14     -4  -21  -16  -13  1935
1936   -22  -33  -21  -16  -12  -13    0   -6   -3   -1   -1    2    -10 -12    -24  -16   -6   -2  1936
1937    -4   12  -11  -10   -1    1    1    8   16   13   15   -3      3   3      3   -7    3   15  1937
1938    11    4   15   11    0   -9    2    2   11   18   12  -14      5   6      4    9   -1   14  1938
1939    -1   -2  -15   -6   -1   -4   -4   -5   -2    0    5   41      1  -4     -6   -7   -4    1  1939
1940   -12    8    9   15    7    4    8   -1   10    7    9   13      7   9     12   11    4    9  1940

Year   Jan  Feb  Mar  Apr  May  Jun  Jul  Aug  Sep  Oct  Nov  Dec    J-D D-N    DJF  MAM  JJA  SON  Year
1941     6   19    0    9   10    6   14    6   -7   17    6    8      8   8     13    6    8    6  1941
1942    27    2    7    8    8    3   -2   -3   -2    0    6    7      5   5     12    8   -1    1  1942
1943   -12   10   -7    8    5   -7    7    0    5   22   15   20      6   5      2    2    0   14  1943
1944    31   19   19   11   13   10   11   10   19   17    6   -2     14  15     23   14   10   14  1944
1945     2  -10   -1    9   -1   -8   -5   16    8    9    1  -16      0   2     -3    2    1    6  1945
1946    14    7   -4    3  -10  -16  -10  -15   -8  -14   -5  -32     -8  -6      2   -3  -14   -9  1946
1947   -11   -9    4    3   -7   -8   -7   -8  -13    9    5  -10     -4  -6    -18    0   -8    0  1947
1948    12  -12  -21   -9    1   -6  -13  -14  -17  -11  -15  -19    -10 -10     -3  -10  -11  -14  1948
1949    11  -17   -5  -12  -12  -26  -17  -11  -13   -6   -9  -18    -11 -11     -8  -10  -18   -9  1949
1950   -29  -29   -7  -19  -11  -10  -15  -21  -12  -17  -33  -19    -19 -18    -25  -12  -15  -21  1950
1951   -33  -43  -20   -9    4   -5    0    7    5   10   -2   12     -6  -9    -32   -9    1    4  1951
1952    13   11   -9    5    0   -2    7    5    7   -2  -15   -2      2   3     12   -1    3   -3  1952
1953    11   20   13   19   10    6    0    8    7    7   -3    6      9   8     10   14    5    4  1953
1954   -22  -10  -13  -15  -19  -14  -17  -14   -6   -1    9  -15    -11 -10     -9  -16  -15    1  1954
1955    16  -16  -32  -18  -20  -10   -8    8  -10   -3  -26  -31    -12 -11     -5  -23   -3  -13  1955
1956   -16  -23  -19  -24  -25  -14   -9  -27  -15  -22  -15   -9    -18 -20    -23  -23  -17  -17  1956
1957   -11   -7   -8    0    5   12   -3   15    9    0    6   16      3   1     -9   -1    8    5  1957
1958    38   24    9    2    5  -11    0   -8   -7    2    2   -1      5   6     26    6   -6   -1  1958
1959     8    7   17   14    3    2    5   -1   -5   -9   -8    1      3   3      5   11    2   -7  1959
1960    -4   12  -36  -16  -11   -3   -5   -1    5    7  -12   16     -4  -5      3  -21   -3    0  1960

Year   Jan  Feb  Mar  Apr  May  Jun  Jul  Aug  Sep  Oct  Nov  Dec    J-D D-N    DJF  MAM  JJA  SON  Year
1961     6   18    8   13   14   12    1    4    6    1    3  -16      6   8     13   12    5    3  1961
1962     7   15   10    7   -5    4    2    1    0    0    9    0      4   3      2    4    2    3  1962
1963    -1   20  -15   -6   -5    6   13   25   21   16   17    1      8   8      7   -9   14   18  1963
1964    -7  -11  -23  -30  -25   -5   -6  -24  -29  -29  -18  -28    -20 -17     -6  -26  -12  -26  1964
1965    -6  -17  -10  -19  -12  -12  -13   -4  -15   -5   -5   -5    -10 -12    -17  -14   -9   -9  1965
1966   -16    0    6  -12   -9    0    7   -7   -1  -13    0   -4     -4  -4     -7   -5    0   -4  1966
1967    -5  -18    7   -2   14   -8    1    2   -5    9   -5    0     -1  -1     -9    6   -2    0  1967
1968   -21  -12   26   -2  -11   -5   -7   -8  -17   11   -5  -13     -5  -4    -11    4   -7   -4  1968
1969   -11  -14    0   16   15    6   -3    2    9   12   14   29      6   3    -13   10    2   12  1969
1970    10   24    9    9   -3    1    0   -8   11    5    2  -12      4   7     21    5   -2    6  1970
1971    -1  -18  -17   -8   -3  -16   -9    0    2   -2   -2   -5     -7  -7    -10   -9   -8   -1  1971
1972   -24  -16    3   -1    1    9    4   18    3    8    3   20      2   0    -15    1   10    5  1972
1973    28   31   26   26   25   18   10    4    9   13    5   -5     16  18     26   26   11    9  1973
1974   -14  -26   -4  -10   -1   -5   -3   11  -11   -6   -6   -8     -7  -7    -15   -5    1   -8  1974
1975     8    7   14    4   15    2    0  -20   -3  -10  -16  -18     -1   0      2   11   -6  -10  1975
1976    -3   -8  -22   -9  -22  -15   -9  -16   -9  -29   -8    4    -12 -14    -10  -18  -13  -15  1976
1977    12   15   21   23   27   25   20   16   -3    0   16    3     15  15     10   23   20    4  1977
1978     5   10   18   10    3   -2    4  -19    6    0   14    6      5   4      6   11   -6    6  1978
1979    10  -12   14    8    1    9   -3    8   20   19   23   42     12   9      1    7    5   21  1979
1980    24   36   25   29   29   14   22   22   18   13   23   15     23  25     34   28   20   18  1980

Year   Jan  Feb  Mar  Apr  May  Jun  Jul  Aug  Sep  Oct  Nov  Dec    J-D D-N    DJF  MAM  JJA  SON  Year
1981    51   37   45   27   20   26   28   29   12    8   16   35     28  26     34   31   28   12  1981
1982     4   11   -7    5   10    2   11    5    9    8    9   38      9   8     17    3    6    9  1982
1983    49   35   37   27   33   17   13   27   34   11   27   12     27  29     41   32   19   24  1983
1984    25   11   24    6   31    3   13   11   13   10    0   -8     12  13     16   20    9    8  1984
1985    19   -9   12    5   13   15   -4   10    9    8    5   10      8   6      1   10    7    7  1985
1986    24   32   24   21   22   11    9    8   -3    8    5   10     14  14     22   22    9    3  1986
1987    30   40   11   20   21   32   41   21   33   25   20   43     28  25     27   18   31   26  1987
1988    52   36   44   39   39   37   30   40   36   34    6   27     35  36     43   41   36   26  1988
1989    11   30   32   27   12   11   29   31   31   28   14   32     24  24     23   24   23   24  1989
1990    35   35   71   49   41   34   39   27   25   37   40   38     39  39     34   54   33   34  1990
1991    38   46   32   46   33   50   47   37   42   26   27   30     38  39     41   37   45   32  1991
1992    41   37   43   22   29   21   10    6   -4    5    0   18     19  20     36   31   12    0  1992
1993    34   37   33   22   23   19   25   11    6   18    5   16     21  21     30   26   18   10  1993
1994    26   -1   24   38   25   37   26   18   30   40   43   35     28  27     14   29   27   37  1994
1995    48   76   42   44   26   42   47   45   29   45   41   28     43  43     53   37   45   39  1995
1996    24   46   31   33   27   25   34   48   24   19   39   39     32  31     33   30   35   27  1996
1997    31   36   52   35   36   51   33   39   52   61   61   58     45  44     35   41   41   58  1997
1998    60   86   62   63   68   75   67   67   44   41   46   55     61  61     68   64   70   44  1998
1999    47   66   31   33   30   37   40   35   39   40   38   45     40  41     56   32   37   39  1999
2000    23   56   56   58   40   42   41   43   41   26   31   27     40  42     41   51   42   33  2000

Year   Jan  Feb  Mar  Apr  May  Jun  Jul  Aug  Sep  Oct  Nov  Dec    J-D D-N    DJF  MAM  JJA  SON  Year
2001    41   46   57   51   56   53   59   48   52   47   68   52     53  50     38   55   54   56  2001
2002    72   74   89   56   62   54   58   53   62   54   58   42     61  62     66   69   55   58  2002
2003    72   54   55   52   60   47   54   65   63   72   52   72     60  57     56   56   55   62  2003
2004    56   66   62   58   40   40   22   41   50   62   69   48     51  53     65   54   34   61  2004
2005    69   55   66   66   61   64   62   60   73   76   71   64     66  64     57   65   62   74  2005
2006    53   65   58   44   43   60   50   65   58   65   69   74     59  58     61   49   59   64  2006
2007    93   65   68   71   64   55   58   57   61   56   54   46     62  65     77   67   56   57  2007
2008    22   31   69   48   46   43   54   38   59   61   62   51     49  48     33   54   45   61  2008
2009    56   48   49   57   59   61   66   61   64   58   71   57     59  58     52   55   63   64  2009
2010    65   74   87   82   71   60   57   59   56   65   75   45     66  67     66   80   59   65  2010
2011    45   44   57   60   48   54   70   69   52   60   50   47     55  54     45   55   64   54  2011
2012    38   43   52   62   71   58   50   56   67   72   69   46     57  57     43   61   55   69  2012
2013    61   51   59   47   56   60   52   61   72   61   76   60     60  59     53   54   58   69  2013
2014    68   43   70   72   78   61   50   73   81   77   64   71     67  66     57   73   61   74  2014
2015    75   79 **** **** **** **** **** **** **** **** **** ****   **** ***     75 **** **** ****  2015
Year   Jan  Feb  Mar  Apr  May  Jun  Jul  Aug  Sep  Oct  Nov  Dec    J-D D-N    DJF  MAM  JJA  SON  Year
       
Divide by 100 to get changes in degrees Celsius (deg-C).
Multiply that result by 1.8(=9/5) to get changes in degrees Fahrenheit (deg-F).

Best estimate for absolute global mean for 1951-1980 is  14.0 deg-C or 57.2 deg-F,
so add that to the temperature change if you want to use an absolute scale
(this note applies to global annual means only, J-D and D-N !)

Example      --      Table Value :      40
                          change :    0.40 deg-C  or  0.72 deg-F
abs. scale if global annual mean :   14.40 deg-C  or 57.92 deg-F
