             GLOBAL Land-Ocean Temperature Index in .01 C      base period: 1951-1980

                  sources: GHCN 1880-5/2006 + SST:   1880-11/1981 HadISST1
                                                   12/1981-5/2006 Reynolds v2
                    using elimination of outliers and homogeneity adjustment
                    Notes: 1950 DJF = Dec 1949 - Feb 1950 ;  ***** = missing

                                                                     AnnMean
Year   Jan  Feb  Mar  Apr  May  Jun  Jul  Aug  Sep  Oct  Nov  Dec    J-D D-N    DJF  MAM  JJA  SON  Year
1880   -22  -21  -23  -25  -30  -39  -21  -19  -21  -28  -32  -22    -25 -23    -14  -26  -27  -27  1880
1881   -29  -22   -3   -6   -4  -32  -10  -14  -30  -29  -34  -25    -20 -20    -24   -4  -19  -31  1881
1882    -6    5   -9  -27  -23  -29  -27  -17  -25  -36  -30  -47    -23 -21     -9  -20  -24  -30  1882
1883   -41  -37  -17  -17  -24   -9  -10  -19  -29  -30  -30  -23    -24 -26    -42  -19  -12  -30  1883
1884   -22  -16  -32  -38  -32  -37  -27  -26  -33  -33  -34  -33    -30 -29    -20  -34  -30  -33  1884
1885   -59  -31  -19  -34  -36  -41  -25  -28  -27  -26  -27  -13    -30 -32    -41  -30  -31  -27  1885
1886   -41  -39  -33  -15  -16  -29   -2  -18  -20  -34  -25  -27    -25 -24    -31  -21  -16  -27  1886
1887   -60  -51  -37  -39  -26  -25   -9  -29  -27  -42  -39  -38    -35 -34    -46  -34  -21  -36  1887
1888   -37  -45  -46  -33  -24  -25  -22  -26  -21  -12   -3  -22    -26 -28    -40  -35  -24  -12  1888
1889   -13    8   -5   -2   -5  -11  -17  -23  -23  -29  -36  -29    -15 -15     -9   -4  -17  -29  1889
1890   -45  -41  -31  -32  -44  -36  -29  -33  -38  -26  -53  -34    -37 -36    -38  -36  -33  -39  1890
1891   -46  -52  -18  -31  -20  -23  -26  -22  -18  -26  -40  -12    -28 -30    -44  -23  -23  -28  1891
1892   -39   -8  -35  -44  -30  -21  -33  -29  -22  -33  -42  -47    -32 -29    -20  -36  -28  -33  1892
1893   -87  -53  -16  -31  -36  -26  -12  -25  -24  -16  -22  -33    -32 -33    -63  -28  -21  -21  1893
1894   -49  -34  -22  -39  -33  -41  -20  -25  -38  -29  -39  -30    -33 -34    -39  -31  -29  -35  1894
1895   -54  -53  -30  -28  -30  -24  -21  -22  -14  -17  -13  -20    -27 -28    -46  -30  -22  -14  1895
1896   -20  -16  -29  -38  -16  -14  -11  -15  -13   -2  -17  -13    -17 -17    -19  -27  -13  -11  1896
1897   -21  -15  -18   -5    0  -15   -2   -8  -15  -18  -19  -12    -13 -13    -16   -8   -8  -18  1897
1898     3  -22  -45  -25  -34  -21  -18  -17  -22  -33  -41  -27    -25 -24    -10  -35  -19  -32  1898
1899   -22  -37  -27  -21  -19  -23  -14  -12  -13   -5   13  -29    -17 -17    -29  -22  -16   -2  1899
1900   -33    2   -2  -11   -6   -9  -12  -12   -8   -2  -16  -11    -10 -11    -20   -7  -11   -9  1900

Year   Jan  Feb  Mar  Apr  May  Jun  Jul  Aug  Sep  Oct  Nov  Dec    J-D D-N    DJF  MAM  JJA  SON  Year
1901   -21   -2    1   -1  -13  -15  -18  -20  -26  -25  -25  -27    -16 -15    -11   -4  -18  -25  1901
1902   -16    0  -24  -29  -31  -30  -19  -29  -30  -32  -42  -46    -27 -26    -14  -28  -26  -34  1902
1903   -24    5  -14  -38  -34  -43  -29  -40  -45  -42  -31  -42    -31 -32    -22  -29  -37  -39  1903
1904   -51  -44  -30  -41  -39  -37  -34  -32  -41  -31  -11  -20    -34 -36    -46  -37  -34  -28  1904
1905   -30  -50  -18  -32  -27  -26  -20  -19  -20  -28   -9  -20    -25 -25    -33  -26  -22  -19  1905
1906   -30  -30  -21   -4  -23  -14  -22  -11  -25  -15  -36  -12    -20 -21    -27  -16  -15  -25  1906
1907   -45  -45  -25  -42  -49  -42  -38  -38  -29  -26  -44  -44    -39 -36    -34  -39  -39  -33  1907
1908   -42  -23  -49  -42  -32  -27  -23  -34  -24  -33  -42  -40    -34 -35    -36  -41  -28  -33  1908
1909   -59  -35  -45  -45  -40  -37  -34  -25  -26  -23  -21  -40    -36 -36    -45  -43  -32  -23  1909
1910   -29  -30  -35  -31  -35  -37  -22  -27  -31  -32  -42  -57    -34 -32    -33  -33  -28  -35  1910
1911   -53  -46  -48  -48  -40  -37  -26  -30  -26  -21  -17  -20    -34 -37    -52  -46  -31  -21  1911
1912   -23  -16  -36  -20  -23  -23  -40  -53  -50  -53  -34  -35    -34 -33    -20  -26  -39  -46  1912
1913   -39  -36  -35  -35  -40  -45  -35  -30  -31  -32  -20   -3    -32 -35    -37  -37  -37  -28  1913
1914    -6  -11  -21  -28  -18  -21  -18  -14  -18   -1  -17  -15    -16 -15     -7  -22  -17  -12  1914
1915   -21   -7  -14    2    1    2   -1  -14   -5  -21  -10  -20     -9  -9    -14   -4   -4  -12  1915
1916   -15  -16  -33  -26  -33  -35  -28  -23  -30  -22  -41  -66    -31 -27    -17  -31  -29  -31  1916
1917   -42  -53  -47  -40  -55  -38  -18  -24  -18  -38  -33  -70    -40 -39    -54  -47  -27  -30  1917
1918   -49  -42  -27  -43  -45  -32  -29  -38  -24   -9  -21  -33    -33 -36    -53  -38  -33  -18  1918
1919   -20  -21  -19  -10  -17  -16  -18  -16  -12  -17  -46  -35    -20 -20    -24  -15  -17  -25  1919
1920   -12  -20    1  -11  -11  -18  -22  -17  -20  -26  -29  -46    -19 -18    -22   -7  -19  -25  1920

Year   Jan  Feb  Mar  Apr  May  Jun  Jul  Aug  Sep  Oct  Nov  Dec    J-D D-N    DJF  MAM  JJA  SON  Year
1921    -1  -17  -13  -12  -19  -11    0  -25  -20   -8  -17  -18    -13 -16    -21  -15  -12  -15  1921
1922   -31  -36  -19  -23  -29  -24  -15  -25  -30  -25  -17  -17    -24 -24    -28  -24  -21  -24  1922
1923   -23  -29  -23  -33  -33  -22  -26  -29  -26   -7    4   -2    -21 -22    -23  -30  -26  -10  1923
1924   -23  -27  -10  -29  -20  -19  -18  -21  -23  -23  -13  -31    -22 -19    -17  -20  -19  -20  1924
1925   -28  -26  -19  -17  -23  -26  -20  -13  -17  -19   -1   16    -16 -20    -28  -19  -20  -12  1925
1926    20   11   21   -5  -13  -13   -9   -1   -6   -2   -6  -21     -2   1     16    1   -7   -5  1926
1927   -19   -4  -30  -22  -20  -16   -5  -15   -7    3   -1  -30    -14 -13    -15  -24  -12   -2  1927
1928     5    0  -17  -24  -24  -27  -11  -15  -10  -10    0   -7    -12 -14     -8  -22  -18   -7  1928
1929   -31  -42  -22  -29  -31  -29  -25  -23  -20   -6    0  -40    -25 -22    -27  -28  -25   -9  1929
1930   -15  -13   -1  -16  -17  -14   -7   -3  -10   -7   18   -1     -7 -11    -23  -11   -8    0  1930
1931     0  -18    0  -12   -9    6   12    3   -8    6   -1    2     -2  -2     -6   -7    7   -1  1931
1932    18  -11  -10   -2   -9  -18   -9  -10    2    4  -15  -14     -6  -5      3   -7  -12   -3  1932
1933   -20  -17  -16  -14  -17  -17   -5  -11  -18  -12  -25  -39    -18 -16    -17  -16  -11  -18  1933
1934   -14    5  -24  -22   -4   -5    0   -3  -13    0   10    5     -5  -9    -16  -16   -3   -1  1934
1935   -25   25   -1  -25  -21  -14  -10  -13  -14    2  -22  -11    -11 -10      2  -16  -12  -12  1935
1936   -19  -26  -14   -9   -9   -5   12    1    0    6    6   11     -4  -6    -19  -11    3    4  1936
1937     5   21   -5   -6    3    5   10    8   18   16   19   -1      8   9     12   -3    8   18  1937
1938    16   11   25   22    7   -3    8    7   13   22   15  -10     11  12      9   18    4   17  1938
1939     2    0  -13   -6   -1    3    6   -2    0   -4    5   38      2  -2     -3   -7    2    1  1939
1940   -17    2    5   12    5    4   20   -2    8    1    7   12      5   7      7    7    7    5  1940

Year   Jan  Feb  Mar  Apr  May  Jun  Jul  Aug  Sep  Oct  Nov  Dec    J-D D-N    DJF  MAM  JJA  SON  Year
1941    11   22    5   15    9    7   12    1  -13   21   11   22     10  10     15   10    7    6  1941
1942    22   -8    0    0    9    5    2   -2    1    2    2    6      3   5     12    3    1    2  1942
1943   -12   13   -5    9   17    2   16    6    5   23   18   26     10   8      2    7    8   16  1943
1944    37   26   22   12   19   12   19   16   27   25   15   12     20  21     30   18   16   22  1944
1945    16   13   13   18   -4    1    4   15    0    8    6   -8      7   8     14    9    6    5  1945
1946    13    9   -3    7   -6  -14   -2  -19   -3   -3   -4  -27     -4  -3      5   -1  -11   -3  1946
1947    -3    0   15    6   -3   -7   -2   -3   -7   13   12  -10      1  -1    -10    6   -4    6  1947
1948    14   -8   -8   -3    5    5  -10   -8   -8    1   -5  -20     -4  -3     -1   -2   -4   -4  1948
1949    15  -15   -3  -10   -8  -20   -9   -5   -6    0   -6  -11     -7  -7     -7   -7  -11   -4  1949
1950   -24  -26   -2  -18  -14   -5   -8  -19  -11  -16  -30  -10    -15 -15    -20  -11  -11  -19  1950
1951   -32  -39  -17   -9    2   -4   -2   11    9   14    3   18     -4  -6    -27   -8    2    9  1951
1952    14   14   -8    6   -1    4    8    9    8   -3  -13   -4      3   5     15   -1    7   -3  1952
1953    10   18   16   19    8    5    5   10   10   11    1   16     11   9      8   15    7    7  1953
1954   -18   -4   -8  -10  -16  -13  -21  -17  -13   -3   12  -11    -10  -8     -2  -11  -17   -1  1954
1955    19  -13  -29  -16  -18  -12   -6   10   -7    1  -22  -28    -10  -9     -2  -21   -3   -9  1955
1956   -15  -24  -22  -21  -22  -13   -8  -25  -14  -20  -16   -7    -17 -19    -22  -22  -15  -17  1956
1957    -6    3    3   10   12   15    1   12    8    3   12   17      8   6     -3    8    9    8  1957
1958    41   23   14    4    7   -8    8   -2   -3    5    5    4      8   9     27    8   -1    2  1958
1959    11   12   22   15   10    7    7    1   -8   -3   -7    4      6   6      9   16    5   -6  1959
1960     1   18  -32  -13   -7   -3    1    6    5    6  -10   20     -1  -2      7  -17    1    0  1960

Year   Jan  Feb  Mar  Apr  May  Jun  Jul  Aug  Sep  Oct  Nov  Dec    J-D D-N    DJF  MAM  JJA  SON  Year
1961     5   21   10   11   22   13    1    3    8    7    5  -15      8  10     15   14    6    7  1961
1962     5   18   12   11  -10    7   -3   -5    2    1    8    0      4   3      3    5    0    4  1962
1963     1   19  -13   -7   -2    6   14   27   25    8   14    3      8   8      7   -7   16   16  1963
1964    -4   -8  -27  -33  -28   -2   -5  -24  -37  -30  -19  -30    -21 -18     -3  -29  -10  -28  1964
1965   -10  -18  -10  -19   -6  -12  -20   -6  -16   -6   -7   -6    -11 -13    -19  -12  -13  -10  1965
1966   -17   -1   11  -12   -8   -1   11   -5    0  -15    0   -4     -3  -4     -8   -3    2   -5  1966
1967    -7  -23    8   -2   11   -6    6    1    0   10   -2   -1      0  -1    -11    6    0    3  1967
1968   -22  -13   24   -4   -9    0   -7   -5  -14   13   -3  -13     -4  -3    -12    4   -4   -2  1968
1969    -7   -8   -3   20   13   11   -4    0    9   14   16   30      8   4     -9   10    3   13  1969
1970    10   23    9    4   -5   -2   -1  -12   14    3    4  -12      3   6     21    3   -5    7  1970
1971    -2  -20  -21  -10  -11  -21  -11   -2   -2   -4   -7  -10    -10 -10    -11  -14  -11   -4  1971
1972   -25  -20   -2    0   -2    6    0   21    5    4   -2   18      0  -2    -19   -2    9    2  1972
1973    26   28   25   24   22   16   10    1    6   13    4   -8     14  16     24   24    9    8  1973
1974   -14  -27   -5  -12   -4   -4   -2   10   -9   -7  -10  -11     -8  -8    -16   -7    1   -8  1974
1975     1    1   11   -3   18   -3   -5  -21   -7  -10  -17  -21     -5  -4     -3    9  -10  -11  1975
1976    -8  -11  -27  -16  -28  -14  -13  -19  -11  -29  -10    0    -16 -17    -14  -24  -15  -17  1976
1977    10   15   14   19   29   23   20   17   -4   -5   13    1     13  12      8   21   20    1  1977
1978     3    8   12    9    1   -8    5  -21    5   -3    7    0      2   2      4    7   -8    3  1978
1979     6  -18    9   11   -6    4   -7    9   19   18   19   39      9   5     -4    5    2   19  1979
1980    21   28   22   23   27   10   18   13   13    8   23   10     18  20     29   24   13   15  1980

Year   Jan  Feb  Mar  Apr  May  Jun  Jul  Aug  Sep  Oct  Nov  Dec    J-D D-N    DJF  MAM  JJA  SON  Year
1981    47   37   43   24   16   21   31   35   12    7   18   29     27  25     31   28   29   12  1981
1982     1    8  -11    2   15    0   13   -6    1    3    4   34      5   5     12    2    2    3  1982
1983    44   37   37   26   30   18   13   31   35   10   24   11     26  28     39   31   21   23  1983
1984    23    6   21    1   30   -5   15   13   18    4   -5  -15      9  11     14   17    8    6  1984
1985    15  -12   12    6    6   12   -3   13    8    5   -1    8      6   4     -4    8    7    4  1985
1986    20   38   25   18   12    6    6   12    2    6    1    6     13  13     22   18    8    3  1986
1987    25   37   16   20   18   30   37   15   29   26   22   43     27  23     23   18   27   26  1987
1988    51   35   47   35   37   39   26   28   30   29   -2   18     31  33     43   40   31   19  1988
1989     3   29   27   16    4    7   29   28   32   26    8   27     20  19     17   15   21   22  1989
1990    32   29   68   48   36   31   47   27   17   40   41   36     38  37     29   51   35   32  1990
1991    35   45   29   44   30   49   50   39   39   21   19   23     35  36     39   34   46   26  1991
1992    39   35   36   15   19   15    0    2  -10   -4   -9   11     12  13     33   23    6   -8  1992
1993    28   29   29   16   18   10   11    4    1   14    2    6     14  14     23   21    8    6  1993
1994    24   -5   20   27   16   35   21   17   30   37   33   25     23  22      9   21   24   33  1994
1995    42   71   44   39    8   34   50   37   23   44   37   25     38  38     46   30   41   35  1995
1996    26   47   33   24   19   17   38   43   25   17   35   32     30  29     33   25   33   26  1996
1997    27   29   46   33   30   50   24   36   40   50   56   52     39  38     29   36   37   48  1997
1998    52   79   56   56   61   67   70   62   42   39   43   51     56  56     61   58   66   41  1998
1999    40   60   27   26   20   35   30   28   27   31   31   33     32  34     50   24   31   29  1999
2000    17   51   46   52   28   35   33   38   32   19   26   20     33  34     33   42   35   26  2000

Year   Jan  Feb  Mar  Apr  May  Jun  Jul  Aug  Sep  Oct  Nov  Dec    J-D D-N    DJF  MAM  JJA  SON  Year
2001    38   41   54   39   50   47   51   46   48   44   67   50     48  45     33   48   48   53  2001
2002    71   70   83   58   56   46   57   45   49   49   51   36     56  57     64   66   49   50  2002
2003    65   51   51   49   51   38   48   63   60   66   50   68     55  52     51   50   50   58  2003
2004    53   68   57   51   36   33   22   44   47   59   63   49     48  50     63   48   33   56  2004
2005    68   55   71   65   56   60   54   57   69   72   63   60     63  62     57   64   57   68  2005
2006    42   60   58   50   50***********************************  *********     54   53**********  2006
Year   Jan  Feb  Mar  Apr  May  Jun  Jul  Aug  Sep  Oct  Nov  Dec    J-D D-N    DJF  MAM  JJA  SON  Year

Divide by 100 to get changes in degrees Centigrade.
Multiply that result by 1.8(=9/5) to get changes in degrees Fahrenheit.

Best estimate for absolute global mean for 1951-1980 is  14C = 57.2F,
so add that to the temperature change if you want to use an absolute scale.
Example     --     Table Value :      40
                        change :     .40C  or   .72F
                     abs. scale:   14.40C  or 57.92F
