        GLOBAL Land-Ocean Temperature Index in 0.01 degrees Celsius   base period: 1951-1980

                    sources:  GHCN-v3 1880-08/2016 + SST: ERSST v4 1880-08/2016
                    using elimination of outliers and homogeneity adjustment
                    Notes: 1950 DJF = Dec 1949 - Feb 1950 ;  ***** = missing

                                                                     AnnMean
Year   Jan  Feb  Mar  Apr  May  Jun  Jul  Aug  Sep  Oct  Nov  Dec    J-D D-N    DJF  MAM  JJA  SON  Year
1880   -30  -21  -19  -28  -15  -29  -24   -8  -17  -17  -20  -22    -21 ***   ****  -20  -20  -18  1880
1881   -11  -15    0   -4   -5  -29   -7   -3  -10  -21  -27  -17    -12 -13    -16   -3  -13  -19  1881
1882     8    7    1  -20  -18  -26  -11    3   -2  -23  -22  -26    -11 -10      0  -13  -11  -15  1882
1883   -34  -43  -18  -25  -26  -12   -9  -13  -19  -12  -21  -19    -21 -22    -34  -23  -12  -17  1883
1884   -19  -12  -35  -37  -33  -38  -35  -26  -24  -23  -31  -30    -29 -28    -17  -35  -33  -26  1884
1885   -66  -30  -24  -45  -42  -51  -29  -28  -20  -20  -23   -6    -32 -34    -42  -37  -36  -21  1885
1886   -43  -46  -42  -30  -28  -40  -17  -32  -20  -26  -27  -26    -31 -30    -32  -33  -29  -24  1886
1887   -67  -49  -32  -38  -34  -21  -20  -28  -20  -33  -27  -39    -34 -33    -47  -35  -23  -27  1887
1888   -44  -43  -48  -29  -23  -21  -10  -12   -9    0   -2  -13    -21 -23    -42  -33  -14   -3  1888
1889   -21   14    4    4   -3  -12   -6  -18  -19  -23  -31  -31    -12 -10     -7    1  -12  -24  1889
1890   -48  -49  -42  -38  -48  -28  -30  -37  -36  -23  -38  -31    -37 -37    -43  -43  -32  -33  1890
1891   -47  -50  -15  -26  -18  -23  -23  -22  -14  -24  -38   -3    -25 -27    -42  -20  -22  -25  1891
1892   -26  -16  -37  -36  -25  -20  -28  -20  -26  -17  -51  -30    -28 -25    -15  -33  -23  -31  1892
1893   -69  -52  -25  -33  -35  -24  -14  -24  -19  -17  -18  -39    -31 -30    -50  -31  -21  -18  1893
1894   -56  -33  -22  -42  -31  -44  -33  -29  -23  -18  -26  -23    -32 -33    -42  -32  -35  -22  1894
1895   -45  -44  -30  -23  -24  -26  -18  -17   -3  -12  -17  -13    -23 -23    -37  -26  -20  -10  1895
1896   -24  -16  -31  -33  -21  -15   -7  -10   -5    3  -17  -13    -16 -16    -18  -28  -11   -6  1896
1897   -23  -20  -13   -2   -2  -14   -6   -4   -5  -10  -19  -27    -12 -11    -19   -6   -8  -11  1897
1898    -7  -34  -56  -33  -36  -21  -23  -23  -20  -33  -36  -23    -29 -29    -23  -42  -23  -30  1898
1899   -19  -41  -36  -22  -21  -27  -14   -4   -2   -1   11  -28    -17 -17    -28  -26  -15    3  1899
1900   -41   -8    1  -15   -7  -16   -9   -4    1    7  -14  -15    -10 -11    -26   -7  -10   -2  1900

Year   Jan  Feb  Mar  Apr  May  Jun  Jul  Aug  Sep  Oct  Nov  Dec    J-D D-N    DJF  MAM  JJA  SON  Year
1901   -30   -6    4   -7  -19  -11  -10  -14  -17  -30  -18  -31    -16 -14    -17   -7  -12  -22  1901
1902   -21   -5  -30  -29  -31  -35  -27  -28  -22  -28  -37  -47    -28 -27    -19  -30  -30  -29  1902
1903   -29   -7  -24  -41  -43  -45  -31  -44  -43  -42  -40  -48    -36 -36    -28  -36  -40  -42  1903
1904   -65  -55  -47  -51  -51  -50  -49  -44  -47  -36  -18  -30    -45 -47    -56  -50  -48  -34  1904
1905   -39  -60  -26  -37  -34  -32  -25  -21  -15  -24   -9  -22    -29 -29    -43  -32  -26  -16  1905
1906   -31  -35  -16   -3  -21  -22  -27  -20  -25  -21  -39  -19    -23 -23    -29  -13  -23  -28  1906
1907   -45  -53  -25  -41  -47  -44  -36  -37  -32  -25  -52  -51    -41 -38    -39  -38  -39  -37  1907
1908   -46  -37  -58  -46  -41  -39  -36  -46  -33  -44  -52  -50    -44 -44    -45  -49  -40  -43  1908
1909   -71  -48  -53  -60  -55  -53  -44  -30  -38  -40  -32  -55    -48 -48    -56  -56  -42  -37  1909
1910   -45  -44  -48  -40  -35  -37  -32  -34  -37  -39  -57  -70    -43 -42    -48  -41  -34  -44  1910
1911   -64  -61  -63  -56  -52  -47  -41  -43  -38  -26  -21  -26    -45 -49    -65  -57  -44  -29  1911
1912   -28  -14  -38  -20  -21  -27  -42  -52  -47  -56  -39  -43    -35 -34    -22  -26  -40  -47  1912
1913   -42  -44  -44  -37  -46  -46  -35  -33  -33  -35  -20   -4    -35 -38    -43  -42  -38  -29  1913
1914     1  -14  -24  -29  -20  -23  -25  -16  -14   -6  -21  -10    -17 -16     -6  -24  -21  -14  1914
1915   -21   -2   -9    6   -2  -16   -4  -16  -13  -23  -13  -25    -12 -10    -11   -2  -12  -16  1915
1916   -20  -23  -32  -26  -28  -44  -34  -27  -30  -29  -43  -78    -35 -30    -23  -29  -35  -34  1916
1917   -47  -54  -48  -39  -49  -41  -24  -27  -19  -36  -29  -72    -40 -41    -60  -45  -31  -28  1917
1918   -43  -33  -21  -40  -38  -29  -21  -27  -14   -4  -16  -31    -26 -30    -49  -33  -25  -11  1918
1919   -22  -21  -25  -17  -20  -28  -21  -19  -17  -16  -29  -35    -23 -22    -24  -21  -23  -21  1919
1920   -16  -23   -8  -26  -25  -33  -32  -29  -20  -29  -34  -48    -27 -26    -25  -20  -31  -28  1920

Year   Jan  Feb  Mar  Apr  May  Jun  Jul  Aug  Sep  Oct  Nov  Dec    J-D D-N    DJF  MAM  JJA  SON  Year
1921    -4  -21  -28  -36  -36  -31  -16  -24  -17   -6  -16  -19    -21 -24    -24  -34  -24  -13  1921
1922   -35  -44  -13  -21  -34  -34  -27  -31  -29  -33  -17  -17    -28 -28    -32  -23  -30  -26  1922
1923   -28  -37  -32  -39  -34  -24  -29  -29  -28  -13    3   -6    -25 -25    -27  -35  -27  -12  1923
1924   -24  -28  -12  -35  -19  -29  -27  -35  -31  -36  -23  -42    -28 -25    -19  -22  -30  -30  1924
1925   -34  -35  -23  -25  -30  -34  -29  -18  -14  -17    3   10    -20 -25    -37  -26  -27   -9  1925
1926    20    8   13  -15  -25  -25  -20  -10  -11  -11   -6  -30     -9  -6     13   -9  -18   -9  1926
1927   -28  -20  -38  -30  -24  -27  -13  -19   -5   -1   -4  -36    -21 -20    -26  -31  -20   -3  1927
1928    -4  -12  -28  -28  -30  -41  -21  -25  -19  -18  -10  -20    -21 -23    -17  -29  -29  -16  1928
1929   -47  -60  -33  -40  -38  -43  -32  -28  -23  -15  -14  -55    -36 -33    -42  -37  -35  -17  1929
1930   -29  -24   -8  -25  -25  -17  -16  -10  -10   -8   14   -9    -14 -18    -36  -19  -15   -1  1930
1931   -11  -22   -6  -21  -22   -6    1    0   -6   -1  -13  -10    -10 -10    -14  -17   -2   -7  1931
1932    14  -18  -20   -7  -22  -30  -24  -24  -12  -10  -27  -23    -17 -16     -5  -17  -26  -16  1932
1933   -35  -32  -29  -24  -25  -32  -20  -23  -26  -24  -32  -47    -29 -27    -30  -26  -25  -27  1933
1934   -27   -4  -31  -27  -11  -14  -11  -10  -15  -11   -2   -9    -14 -18    -26  -23  -12  -10  1934
1935   -37   11  -13  -35  -26  -23  -19  -17  -17   -8  -29  -22    -20 -19    -12  -25  -20  -18  1935
1936   -29  -39  -23  -20  -17  -19   -6  -12   -6   -4   -5   -3    -15 -17    -30  -20  -12   -5  1936
1937   -11    6  -17  -17   -7   -7   -4    3   14    9    9  -12     -3  -2     -3  -14   -3   11  1937
1938     0   -4    5    5   -8  -17   -9   -4    3   11    1  -26     -4  -2     -5    1  -10    5  1938
1939   -13  -12  -20  -12   -7   -8   -6   -5    0   -4    5   40     -3  -9    -17  -13   -6    1  1939
1940   -16    6   12   16    6    5   10    1   12    7   12   19      7   9     10   11    5   10  1940

Year   Jan  Feb  Mar  Apr  May  Jun  Jul  Aug  Sep  Oct  Nov  Dec    J-D D-N    DJF  MAM  JJA  SON  Year
1941    13   23    6   10   10    4   15   14    2   24   12   13     12  13     18    9   11   13  1941
1942    25    4   12   14   13   10    2   -3   -1    6   13   12      9   9     14   13    3    6  1942
1943    -1   21    1   13   10   -1   14    3   11   29   25   28     13  11     11    8    5   22  1943
1944    41   31   34   27   26   23   23   23   31   27   12    5     25  27     33   29   23   23  1944
1945    13    2   11   24   10    2    7   25   22   22   10  -10     11  13      7   15   11   18  1945
1946    15    6    0   10   -4  -17   -9   -9   -2   -6   -2  -29     -4  -2      4    2  -12   -3  1946
1947   -13   -8    5    4   -6    0   -7   -9  -14    6   -1  -18     -5  -6    -16    1   -5   -3  1947
1948     5  -14  -23  -10    7   -5  -13  -10  -10   -7   -9  -23     -9  -9     -9   -9   -9   -9  1948
1949     9  -17   -1   -8   -8  -22  -13   -8   -8   -3   -8  -19     -9  -9    -10   -6  -15   -6  1949
1950   -30  -26   -7  -21  -12   -6   -9  -17  -10  -20  -35  -20    -18 -18    -25  -13  -11  -22  1950
1951   -35  -44  -19  -10   -2   -5    0    5    8    6   -1   15     -7 -10    -33  -10    0    4  1951
1952    16   12  -10    1   -5   -4    5    7    8   -4  -17   -1      1   2     14   -4    3   -4  1952
1953     9   16   11   20    9    8    2    8    6    5   -5    4      8   7      8   13    6    2  1953
1954   -28  -10  -12  -18  -19  -15  -16  -12   -6   -1    8  -18    -12 -11    -11  -16  -15    0  1954
1955    11  -21  -36  -23  -20   -7   -9    4  -12   -5  -28  -32    -15 -14     -9  -26   -4  -15  1955
1956   -16  -25  -23  -26  -28  -15  -11  -25  -21  -24  -17  -10    -20 -22    -24  -26  -17  -21  1956
1957   -13   -5   -5   -3    8   16    1   14    6    1    7   16      4   1    -10    0   11    5  1957
1958    40   24   10    1    9   -5    6   -6   -3    3    2    1      7   8     27    6   -2    1  1958
1959     6    9   19   16    6    2    6   -1   -6   -8   -9   -3      3   4      5   14    3   -8  1959
1960    -1   14  -36  -16   -8    1   -2    0    5    7  -11   18     -2  -4      4  -20    0    0  1960

Year   Jan  Feb  Mar  Apr  May  Jun  Jul  Aug  Sep  Oct  Nov  Dec    J-D D-N    DJF  MAM  JJA  SON  Year
1961     7   18    9   15   13   12   -3    2    5    0    3  -15      5   8     14   12    4    3  1961
1962     8   14   12    5   -6    6   -2   -2   -1   -3    7   -1      3   2      2    4    0    1  1962
1963    -3   19  -14   -5   -9    3    8   25   20   15   15    0      6   6      5   -9   12   17  1963
1964    -6  -12  -22  -30  -25   -7   -7  -21  -29  -30  -21  -30    -20 -17     -6  -26  -12  -27  1964
1965    -8  -17  -11  -20  -14   -8  -12   -1  -15   -4   -6   -5    -10 -12    -18  -15   -7   -8  1965
1966   -16    0    4  -13  -10    2    8  -10   -1  -15   -2   -6     -5  -5     -7   -7    0   -6  1966
1967    -6  -20    3   -5   14   -8    1    2   -4    7   -6   -2     -2  -2    -11    4   -2   -1  1967
1968   -23  -15   21   -5  -10   -6  -11  -11  -18   12   -4  -14     -7  -6    -13    2   -9   -4  1968
1969   -11  -14    0   19   20    5   -1    3   10   11   12   27      7   3    -13   13    2   11  1969
1970     9   22    7    9   -5   -3   -4  -11   11    4    1  -13      2   6     20    4   -6    6  1970
1971    -2  -20  -18   -9   -6  -18  -12   -3   -1   -6   -4   -8     -9  -9    -12  -11  -11   -3  1971
1972   -24  -17    2   -1   -3    4    2   18    3    9    3   18      1  -1    -16   -1    8    5  1972
1973    28   30   26   25   25   16    9    2    6   12    6   -6     15  17     25   25    9    8  1973
1974   -14  -28   -5  -10   -1   -5   -3   11  -12   -7   -7   -9     -8  -7    -16   -5    1   -9  1974
1975     7    7   13    6   16   -2   -3  -20   -3   -9  -16  -17     -2  -1      2   12   -8   -9  1975
1976    -1   -6  -22  -10  -23  -15  -12  -18   -9  -26   -6    9    -12 -14     -8  -18  -15  -14  1976
1977    18   20   25   27   30   25   23   19    2    4   20    5     18  18     16   27   22    9  1977
1978     8   14   20   15    7   -3    7  -18    5    0   16   11      7   6      9   14   -5    7  1978
1979    14   -9   19   13    5   13    2   14   27   25   29   47     17  14      5   12   10   27  1979
1980    30   42   29   32   34   16   28   24   21   20   29   21     27  29     40   32   23   23  1980

Year   Jan  Feb  Mar  Apr  May  Jun  Jul  Aug  Sep  Oct  Nov  Dec    J-D D-N    DJF  MAM  JJA  SON  Year
1981    56   41   48   31   25   30   34   34   17   13   21   41     33  31     39   35   33   17  1981
1982     9   14   -1    9   16    5   13    8   15   13   14   42     13  13     21    8    8   14  1982
1983    52   40   42   30   35   18   15   30   38   15   30   17     30  32     45   36   21   28  1983
1984    30   18   29    8   33    4   16   15   19   14    4   -6     15  17     21   23   12   13  1984
1985    21   -7   17   11   17   17   -1   14   14   11    9   15     12  10      3   15   10   11  1985
1986    30   39   29   26   26   12   13   12    2   14   11   16     19  19     28   27   12    9  1986
1987    36   46   17   24   25   36   45   28   39   32   24   47     33  31     33   22   36   32  1987
1988    57   41   49   45   44   42   35   46   41   39   13   34     40  42     49   46   41   31  1988
1989    15   35   36   33   17   14   33   35   36   32   21   37     29  28     28   28   28   30  1989
1990    40   41   76   55   46   38   43   29   30   42   46   42     44  44     39   59   37   39  1990
1991    42   50   35   52   39   54   51   42   50   32   31   32     42  43     44   42   49   37  1991
1992    44   42   47   24   32   24   13    9    0   11    4   22     23  23     39   34   15    5  1992
1993    37   39   35   27   26   23   28   13   11   23    7   19     24  24     33   30   21   13  1993
1994    30    4   26   41   28   41   31   23   31   41   46   36     31  30     17   31   32   40  1994
1995    50   77   44   47   28   44   47   47   34   48   44   29     45  45     54   40   46   42  1995
1996    27   49   33   37   29   26   35   48   26   20   41   40     34  33     35   33   36   29  1996
1997    32   37   51   37   38   54   35   42   55   64   65   59     47  46     36   42   44   61  1997
1998    61   89   63   63   70   78   70   67   45   46   50   56     63  63     70   65   72   47  1998
1999    48   66   34   33   32   37   41   34   43   43   41   46     41  42     57   33   37   42  1999
2000    26   58   59   59   39   43   42   43   42   30   33   30     42  43     43   53   43   35  2000

Year   Jan  Feb  Mar  Apr  May  Jun  Jul  Aug  Sep  Oct  Nov  Dec    J-D D-N    DJF  MAM  JJA  SON  Year
2001    43   45   57   52   58   54   61   48   55   51   70   55     54  52     40   56   54   59  2001
2002    75   76   91   58   65   53   61   55   65   57   59   43     63  64     68   71   56   60  2002
2003    73   55   57   55   62   48   55   66   66   75   54   75     62  59     57   58   56   65  2003
2004    58   70   64   62   42   42   26   44   53   65   72   53     54  56     68   56   38   63  2004
2005    73   59   68   69   64   66   65   62   78   79   75   68     69  68     61   67   64   77  2005
2006    57   69   63   50   46   64   54   71   64   68   72   76     63  62     65   53   63   68  2006
2007    96   70   70   75   67   58   62   60   64   59   57   49     66  68     81   71   60   60  2007
2008    24   36   72   53   50   48   60   44   65   66   66   54     53  53     36   59   51   66  2008
2009    61   53   53   60   65   65   71   66   70   65   77   65     64  63     56   59   67   71  2009
2010    73   79   92   87   75   64   61   65   61   71   79   48     71  73     72   84   63   70  2010
2011    51   53   64   64   53   58   74   73   56   66   57   54     60  60     51   60   68   60  2011
2012    46   49   57   68   76   62   57   63   76   78   75   53     63  63     50   67   60   76  2012
2013    68   56   66   53   61   65   59   66   78   69   81   67     66  64     59   60   63   76  2013
2014    74   52   78   78   86   66   57   82   90   86   68   79     75  74     64   81   68   81  2014
2015    82   87   91   74   78   78   72   78   81  107  101  110     86  84     83   81   76   96  2015
2016   115  132  128  108   93   80   85   98 **** **** **** ****   **** ***    119  110   88 ****  2016
Year   Jan  Feb  Mar  Apr  May  Jun  Jul  Aug  Sep  Oct  Nov  Dec    J-D D-N    DJF  MAM  JJA  SON  Year

Divide by 100 to get changes in degrees Celsius (deg-C).
Multiply that result by 1.8(=9/5) to get changes in degrees Fahrenheit (deg-F).

Example      --      Table Value :      40
                          change :    0.40 deg-C  or  0.72 deg-F