1850   -0.376   -0.427   -0.338   -0.507   -0.246   -0.542   -0.211   -0.518   -0.239   -0.595   -0.162
1851   -0.222   -0.276   -0.187   -0.356   -0.089   -0.374   -0.070   -0.369   -0.084   -0.435   -0.018
1852   -0.225   -0.277   -0.194   -0.351   -0.098   -0.377   -0.073   -0.366   -0.095   -0.434   -0.027
1853   -0.270   -0.323   -0.239   -0.379   -0.161   -0.430   -0.110   -0.394   -0.156   -0.474   -0.076
1854   -0.247   -0.298   -0.216   -0.348   -0.145   -0.391   -0.103   -0.364   -0.142   -0.435   -0.070
1855   -0.270   -0.321   -0.239   -0.366   -0.173   -0.411   -0.129   -0.382   -0.167   -0.451   -0.097
1856   -0.360   -0.413   -0.325   -0.458   -0.262   -0.500   -0.220   -0.471   -0.253   -0.539   -0.184
1857   -0.457   -0.511   -0.428   -0.555   -0.360   -0.588   -0.327   -0.571   -0.355   -0.632   -0.293
1858   -0.463   -0.520   -0.430   -0.566   -0.360   -0.593   -0.333   -0.581   -0.354   -0.640   -0.294
1859   -0.284   -0.347   -0.253   -0.397   -0.172   -0.415   -0.154   -0.415   -0.168   -0.470   -0.111
1860   -0.341   -0.407   -0.305   -0.453   -0.229   -0.473   -0.209   -0.471   -0.224   -0.527   -0.166
1861   -0.398   -0.476   -0.344   -0.516   -0.281   -0.550   -0.247   -0.535   -0.267   -0.602   -0.198
1862   -0.508   -0.585   -0.462   -0.628   -0.389   -0.669   -0.348   -0.646   -0.377   -0.720   -0.301
1863   -0.280   -0.353   -0.232   -0.405   -0.154   -0.442   -0.117   -0.424   -0.144   -0.497   -0.069
1864   -0.480   -0.554   -0.438   -0.603   -0.357   -0.632   -0.328   -0.625   -0.351   -0.691   -0.283
1865   -0.269   -0.356   -0.222   -0.393   -0.144   -0.441   -0.096   -0.419   -0.136   -0.499   -0.053
1866   -0.240   -0.329   -0.185   -0.358   -0.121   -0.401   -0.078   -0.385   -0.108   -0.458   -0.033
1867   -0.304   -0.393   -0.249   -0.417   -0.191   -0.467   -0.142   -0.442   -0.176   -0.518   -0.097
1868   -0.220   -0.309   -0.165   -0.326   -0.114   -0.378   -0.062   -0.355   -0.099   -0.428   -0.022
1869   -0.256   -0.332   -0.212   -0.362   -0.150   -0.398   -0.114   -0.381   -0.139   -0.445   -0.072
1870   -0.271   -0.340   -0.226   -0.373   -0.170   -0.397   -0.146   -0.389   -0.159   -0.443   -0.103
1871   -0.324   -0.395   -0.281   -0.427   -0.222   -0.459   -0.189   -0.445   -0.211   -0.506   -0.148
1872   -0.228   -0.297   -0.186   -0.327   -0.129   -0.351   -0.104   -0.344   -0.119   -0.398   -0.063
1873   -0.302   -0.365   -0.255   -0.399   -0.206   -0.422   -0.182   -0.416   -0.193   -0.468   -0.140
1874   -0.371   -0.441   -0.326   -0.466   -0.277   -0.490   -0.253   -0.484   -0.264   -0.535   -0.211
1875   -0.408   -0.476   -0.364   -0.502   -0.314   -0.526   -0.290   -0.522   -0.302   -0.573   -0.250
1876   -0.380   -0.446   -0.328   -0.471   -0.289   -0.495   -0.265   -0.490   -0.274   -0.539   -0.224
1877   -0.070   -0.138   -0.022   -0.159    0.019   -0.186    0.046   -0.177    0.034   -0.227    0.086
1878    0.035   -0.028    0.085   -0.054    0.124   -0.082    0.151   -0.069    0.140   -0.121    0.193
1879   -0.229   -0.287   -0.184   -0.310   -0.149   -0.342   -0.117   -0.326   -0.136   -0.378   -0.083
1880   -0.225   -0.279   -0.178   -0.303   -0.148   -0.343   -0.108   -0.319   -0.133   -0.375   -0.075
1881   -0.204   -0.260   -0.159   -0.280   -0.128   -0.325   -0.082   -0.296   -0.115   -0.356   -0.053
1882   -0.212   -0.266   -0.170   -0.287   -0.137   -0.327   -0.098   -0.305   -0.125   -0.360   -0.068
1883   -0.290   -0.345   -0.247   -0.358   -0.222   -0.399   -0.181   -0.375   -0.210   -0.428   -0.155
1884   -0.403   -0.452   -0.366   -0.467   -0.340   -0.514   -0.292   -0.482   -0.330   -0.540   -0.270
1885   -0.385   -0.440   -0.352   -0.447   -0.324   -0.498   -0.273   -0.464   -0.315   -0.523   -0.253
1886   -0.369   -0.419   -0.338   -0.430   -0.308   -0.482   -0.255   -0.445   -0.300   -0.506   -0.237
1887   -0.420   -0.477   -0.386   -0.484   -0.357   -0.528   -0.312   -0.501   -0.348   -0.555   -0.291
1888   -0.314   -0.364   -0.274   -0.377   -0.251   -0.420   -0.207   -0.395   -0.239   -0.448   -0.184
1889   -0.178   -0.238   -0.136   -0.244   -0.112   -0.286   -0.070   -0.266   -0.098   -0.317   -0.044
1890   -0.422   -0.488   -0.372   -0.488   -0.356   -0.527   -0.317   -0.513   -0.340   -0.561   -0.290
1891   -0.342   -0.415   -0.288   -0.411   -0.274   -0.449   -0.236   -0.439   -0.258   -0.487   -0.207
1892   -0.461   -0.532   -0.405   -0.534   -0.389   -0.566   -0.356   -0.563   -0.372   -0.608   -0.325
1893   -0.476   -0.549   -0.421   -0.548   -0.405   -0.580   -0.372   -0.576   -0.388   -0.621   -0.340
1894   -0.411   -0.489   -0.356   -0.480   -0.342   -0.515   -0.306   -0.511   -0.323   -0.556   -0.275
1895   -0.396   -0.467   -0.341   -0.463   -0.328   -0.498   -0.293   -0.494   -0.311   -0.539   -0.263
1896   -0.194   -0.262   -0.143   -0.263   -0.124   -0.298   -0.089   -0.289   -0.106   -0.334   -0.057
1897   -0.214   -0.281   -0.160   -0.284   -0.144   -0.316   -0.111   -0.310   -0.124   -0.355   -0.078
1898   -0.414   -0.479   -0.362   -0.484   -0.344   -0.516   -0.313   -0.509   -0.325   -0.553   -0.279
1899   -0.293   -0.357   -0.236   -0.363   -0.224   -0.393   -0.194   -0.389   -0.203   -0.431   -0.159
1900   -0.201   -0.271   -0.146   -0.273   -0.130   -0.302   -0.100   -0.301   -0.110   -0.344   -0.066
1901   -0.268   -0.334   -0.216   -0.338   -0.197   -0.375   -0.160   -0.366   -0.179   -0.414   -0.129
1902   -0.412   -0.470   -0.364   -0.476   -0.349   -0.517   -0.308   -0.499   -0.332   -0.548   -0.280
1903   -0.481   -0.542   -0.434   -0.544   -0.419   -0.588   -0.375   -0.569   -0.404   -0.620   -0.350
1904   -0.528   -0.583   -0.481   -0.590   -0.466   -0.636   -0.420   -0.611   -0.449   -0.664   -0.395
1905   -0.383   -0.438   -0.332   -0.443   -0.323   -0.487   -0.278   -0.465   -0.306   -0.516   -0.254
1906   -0.293   -0.346   -0.244   -0.351   -0.234   -0.400   -0.185   -0.372   -0.219   -0.427   -0.163
1907   -0.474   -0.526   -0.430   -0.533   -0.414   -0.577   -0.371   -0.553   -0.401   -0.604   -0.348
1908   -0.522   -0.568   -0.479   -0.579   -0.465   -0.624   -0.419   -0.598   -0.452   -0.649   -0.398
1909   -0.537   -0.588   -0.494   -0.589   -0.485   -0.642   -0.432   -0.608   -0.471   -0.663   -0.413
1910   -0.497   -0.550   -0.458   -0.547   -0.448   -0.602   -0.393   -0.568   -0.433   -0.623   -0.375
1911   -0.553   -0.600   -0.509   -0.600   -0.506   -0.656   -0.450   -0.621   -0.492   -0.677   -0.434
1912   -0.448   -0.494   -0.407   -0.496   -0.399   -0.549   -0.346   -0.517   -0.388   -0.572   -0.331
1913   -0.438   -0.482   -0.399   -0.488   -0.388   -0.542   -0.334   -0.504   -0.379   -0.562   -0.318
1914   -0.256   -0.301   -0.216   -0.316   -0.196   -0.359   -0.153   -0.332   -0.188   -0.385   -0.133
1915   -0.163   -0.218   -0.117   -0.233   -0.093   -0.274   -0.052   -0.250   -0.084   -0.304   -0.028
1916   -0.397   -0.447   -0.350   -0.458   -0.336   -0.506   -0.289   -0.475   -0.323   -0.531   -0.266
1917   -0.477   -0.528   -0.429   -0.543   -0.410   -0.588   -0.365   -0.562   -0.398   -0.618   -0.342
1918   -0.342   -0.399   -0.288   -0.413   -0.270   -0.460   -0.224   -0.432   -0.255   -0.491   -0.196
1919   -0.282   -0.331   -0.229   -0.349   -0.216   -0.397   -0.168   -0.365   -0.201   -0.423   -0.142
1920   -0.250   -0.293   -0.204   -0.314   -0.186   -0.362   -0.138   -0.329   -0.176   -0.388   -0.116
1921   -0.192   -0.238   -0.154   -0.248   -0.135   -0.293   -0.090   -0.264   -0.128   -0.317   -0.073
1922   -0.309   -0.350   -0.274   -0.363   -0.255   -0.411   -0.207   -0.376   -0.247   -0.432   -0.190
1923   -0.275   -0.320   -0.242   -0.325   -0.225   -0.372   -0.177   -0.340   -0.219   -0.393   -0.164
1924   -0.300   -0.342   -0.268   -0.351   -0.248   -0.402   -0.198   -0.364   -0.241   -0.421   -0.183
1925   -0.219   -0.265   -0.188   -0.271   -0.168   -0.321   -0.118   -0.285   -0.162   -0.341   -0.104
1926   -0.112   -0.157   -0.078   -0.162   -0.062   -0.213   -0.011   -0.177   -0.056   -0.233    0.003
1927   -0.213   -0.252   -0.184   -0.261   -0.166   -0.314   -0.113   -0.273   -0.160   -0.331   -0.101
1928   -0.213   -0.254   -0.185   -0.262   -0.164   -0.311   -0.115   -0.274   -0.159   -0.329   -0.102
1929   -0.353   -0.392   -0.327   -0.403   -0.304   -0.451   -0.256   -0.416   -0.298   -0.470   -0.242
1930   -0.141   -0.180   -0.114   -0.191   -0.091   -0.239   -0.044   -0.203   -0.086   -0.257   -0.030
1931   -0.089   -0.130   -0.064   -0.139   -0.039   -0.187    0.009   -0.151   -0.034   -0.205    0.022
1932   -0.137   -0.178   -0.112   -0.186   -0.088   -0.231   -0.043   -0.198   -0.083   -0.250   -0.030
1933   -0.274   -0.315   -0.247   -0.323   -0.226   -0.368   -0.181   -0.335   -0.221   -0.386   -0.168
1934   -0.130   -0.170   -0.104   -0.178   -0.082   -0.223   -0.036   -0.189   -0.076   -0.241   -0.023
1935   -0.176   -0.213   -0.150   -0.223   -0.130   -0.269   -0.084   -0.233   -0.124   -0.285   -0.071
1936   -0.145   -0.178   -0.119   -0.188   -0.102   -0.234   -0.055   -0.197   -0.096   -0.249   -0.044
1937   -0.028   -0.060   -0.005   -0.071    0.015   -0.115    0.059   -0.080    0.021   -0.130    0.071
1938   -0.006   -0.039    0.017   -0.051    0.039   -0.097    0.085   -0.060    0.043   -0.112    0.097
1939   -0.056   -0.090   -0.033   -0.109   -0.003   -0.146    0.034   -0.117    0.002   -0.165    0.051
1940    0.017   -0.017    0.048   -0.044    0.078   -0.084    0.119   -0.052    0.084   -0.106    0.138
1941    0.017   -0.025    0.051   -0.037    0.071   -0.078    0.113   -0.050    0.080   -0.099    0.131
1942   -0.025   -0.076    0.017   -0.083    0.033   -0.121    0.070   -0.103    0.046   -0.147    0.094
1943   -0.002   -0.052    0.039   -0.059    0.055   -0.102    0.098   -0.078    0.068   -0.128    0.120
1944    0.147    0.094    0.182    0.092    0.202    0.048    0.246    0.071    0.214    0.022    0.266
1945    0.033   -0.012    0.069   -0.025    0.091   -0.073    0.138   -0.042    0.101   -0.096    0.158
1946   -0.069   -0.111   -0.038   -0.124   -0.014   -0.158    0.020   -0.139   -0.004   -0.182    0.041
1947   -0.042   -0.104   -0.000   -0.094    0.010   -0.129    0.045   -0.120    0.027   -0.159    0.069
1948   -0.037   -0.101    0.007   -0.085    0.012   -0.121    0.048   -0.112    0.032   -0.150    0.073
1949   -0.075   -0.122   -0.035   -0.120   -0.030   -0.158    0.008   -0.142   -0.017   -0.182    0.026
1950   -0.175   -0.221   -0.135   -0.219   -0.131   -0.257   -0.093   -0.240   -0.117   -0.280   -0.075
1951   -0.049   -0.088   -0.014   -0.091   -0.007   -0.135    0.036   -0.106    0.006   -0.152    0.052
1952    0.031   -0.007    0.065   -0.010    0.072   -0.053    0.115   -0.023    0.087   -0.069    0.132
1953    0.100    0.060    0.135    0.059    0.140    0.015    0.184    0.045    0.155   -0.000    0.201
1954   -0.130   -0.168   -0.093   -0.170   -0.090   -0.213   -0.046   -0.183   -0.077   -0.229   -0.031
1955   -0.186   -0.217   -0.156   -0.225   -0.148   -0.269   -0.104   -0.237   -0.136   -0.283   -0.089
1956   -0.264   -0.293   -0.231   -0.302   -0.226   -0.343   -0.185   -0.311   -0.214   -0.354   -0.170
1957   -0.003   -0.032    0.027   -0.040    0.034   -0.080    0.074   -0.051    0.045   -0.094    0.088
1958    0.049    0.024    0.079    0.013    0.086   -0.027    0.126    0.005    0.098   -0.038    0.141
1959    0.017   -0.008    0.042   -0.018    0.052   -0.057    0.091   -0.027    0.061   -0.069    0.104
1960   -0.048   -0.073   -0.023   -0.083   -0.013   -0.122    0.026   -0.092   -0.005   -0.134    0.037
1961    0.039    0.009    0.060    0.006    0.071   -0.036    0.113   -0.003    0.079   -0.047    0.124
1962    0.017   -0.012    0.035   -0.016    0.049   -0.059    0.092   -0.025    0.055   -0.070    0.102
1963    0.050    0.023    0.075    0.017    0.082   -0.027    0.127    0.006    0.091   -0.038    0.137
1964   -0.222   -0.247   -0.197   -0.253   -0.191   -0.297   -0.147   -0.262   -0.180   -0.307   -0.135
1965   -0.141   -0.164   -0.114   -0.172   -0.110   -0.217   -0.064   -0.182   -0.100   -0.228   -0.054
1966   -0.072   -0.095   -0.046   -0.102   -0.041   -0.149    0.005   -0.111   -0.032   -0.158    0.015
1967   -0.076   -0.096   -0.054   -0.105   -0.047   -0.153    0.001   -0.112   -0.040   -0.161    0.009
1968   -0.112   -0.131   -0.097   -0.140   -0.083   -0.187   -0.036   -0.146   -0.079   -0.195   -0.030
1969    0.030    0.013    0.048    0.002    0.058   -0.046    0.107   -0.004    0.065   -0.053    0.114
1970   -0.028   -0.049   -0.009   -0.055    0.000   -0.103    0.048   -0.061    0.008   -0.110    0.057
1971   -0.184   -0.202   -0.161   -0.212   -0.157   -0.260   -0.109   -0.216   -0.148   -0.266   -0.100
1972   -0.068   -0.083   -0.042   -0.096   -0.040   -0.144    0.008   -0.101   -0.033   -0.150    0.016
1973    0.064    0.052    0.084    0.037    0.091   -0.010    0.139    0.034    0.097   -0.016    0.146
1974   -0.211   -0.225   -0.194   -0.238   -0.183   -0.286   -0.135   -0.242   -0.179   -0.292   -0.128
1975   -0.145   -0.160   -0.131   -0.173   -0.118   -0.220   -0.070   -0.176   -0.114   -0.226   -0.064
1976   -0.238   -0.252   -0.223   -0.266   -0.210   -0.314   -0.162   -0.269   -0.207   -0.320   -0.156
1977    0.046    0.034    0.064    0.019    0.074   -0.028    0.120    0.015    0.078   -0.034    0.127
1978   -0.062   -0.077   -0.043   -0.089   -0.035   -0.138    0.014   -0.093   -0.030   -0.143    0.021
1979    0.057    0.040    0.076    0.034    0.080   -0.016    0.130    0.028    0.086   -0.022    0.135
1980    0.093    0.077    0.107    0.067    0.119    0.017    0.169    0.062    0.123    0.011    0.174
1981    0.140    0.126    0.154    0.113    0.168    0.063    0.218    0.108    0.171    0.056    0.223
1982    0.011   -0.012    0.030   -0.018    0.040   -0.065    0.088   -0.026    0.045   -0.074    0.094
1983    0.190    0.170    0.206    0.161    0.218    0.113    0.266    0.153    0.223    0.105    0.273
1984   -0.015   -0.035    0.004   -0.043    0.013   -0.091    0.061   -0.050    0.018   -0.099    0.068
1985   -0.029   -0.048   -0.012   -0.056   -0.003   -0.104    0.045   -0.063    0.003   -0.111    0.052
1986    0.046    0.025    0.068    0.021    0.072   -0.030    0.122    0.011    0.079   -0.038    0.129
1987    0.187    0.164    0.215    0.162    0.212    0.111    0.263    0.152    0.221    0.103    0.270
1988    0.200    0.177    0.224    0.175    0.226    0.124    0.277    0.164    0.235    0.116    0.285
1989    0.120    0.094    0.151    0.093    0.148    0.044    0.197    0.084    0.159    0.036    0.206
1990    0.294    0.263    0.328    0.267    0.321    0.217    0.371    0.255    0.335    0.208    0.381
1991    0.255    0.220    0.291    0.228    0.282    0.179    0.331    0.214    0.297    0.169    0.341
1992    0.104    0.068    0.139    0.078    0.130    0.026    0.182    0.062    0.145    0.016    0.191
1993    0.145    0.107    0.182    0.119    0.171    0.067    0.222    0.102    0.189    0.057    0.234
1994    0.206    0.172    0.247    0.181    0.232    0.128    0.285    0.163    0.253    0.118    0.298
1995    0.323    0.286    0.360    0.299    0.346    0.246    0.399    0.277    0.367    0.233    0.410
1996    0.181    0.145    0.218    0.160    0.201    0.102    0.260    0.137    0.224    0.089    0.269
1997    0.390    0.355    0.427    0.367    0.413    0.314    0.466    0.348    0.434    0.303    0.477
1998    0.535    0.496    0.576    0.512    0.559    0.460    0.611    0.489    0.582    0.447    0.624
1999    0.307    0.267    0.346    0.284    0.330    0.230    0.383    0.260    0.353    0.217    0.397
2000    0.294    0.259    0.340    0.272    0.316    0.217    0.371    0.251    0.343    0.206    0.386
2001    0.439    0.403    0.484    0.417    0.461    0.362    0.517    0.395    0.490    0.350    0.532
2002    0.495    0.460    0.539    0.474    0.516    0.416    0.574    0.451    0.546    0.404    0.589
2003    0.507    0.470    0.549    0.488    0.526    0.428    0.586    0.464    0.556    0.417    0.601
2004    0.448    0.412    0.485    0.430    0.465    0.368    0.528    0.405    0.492    0.356    0.540
2005    0.543    0.506    0.584    0.525    0.560    0.462    0.624    0.500    0.590    0.451    0.638
2006    0.505    0.465    0.544    0.489    0.520    0.426    0.584    0.462    0.550    0.414    0.596
2007    0.493    0.457    0.529    0.478    0.508    0.415    0.571    0.452    0.535    0.404    0.582
2008    0.394    0.355    0.432    0.379    0.409    0.317    0.471    0.352    0.437    0.305    0.483
2009    0.504    0.465    0.545    0.490    0.519    0.425    0.584    0.462    0.548    0.413    0.596
2010    0.555    0.519    0.598    0.541    0.570    0.476    0.635    0.515    0.601    0.465    0.648
2011    0.421    0.389    0.464    0.406    0.437    0.343    0.500    0.380    0.467    0.332    0.513
2012    0.467    0.435    0.506    0.448    0.485    0.388    0.546    0.425    0.513    0.377    0.559
2013    0.492    0.457    0.531    0.473    0.512    0.412    0.572    0.449    0.540    0.401    0.587
2014    0.564    0.530    0.600    0.544    0.583    0.485    0.642    0.521    0.610    0.474    0.656
2015    0.675    0.639    0.715    0.653    0.697    0.527    0.822    0.630    0.725    0.521    0.832
