1850   -0.379   -0.426   -0.340   -0.509   -0.248   -0.544   -0.214   -0.519   -0.240   -0.595   -0.163
1851   -0.224   -0.278   -0.187   -0.357   -0.091   -0.375   -0.073   -0.370   -0.085   -0.435   -0.019
1852   -0.227   -0.280   -0.195   -0.353   -0.101   -0.378   -0.076   -0.367   -0.097   -0.435   -0.029
1853   -0.272   -0.323   -0.239   -0.381   -0.163   -0.432   -0.113   -0.395   -0.157   -0.474   -0.076
1854   -0.248   -0.296   -0.216   -0.349   -0.146   -0.392   -0.104   -0.364   -0.141   -0.434   -0.070
1855   -0.269   -0.320   -0.237   -0.366   -0.172   -0.410   -0.128   -0.380   -0.165   -0.449   -0.095
1856   -0.360   -0.413   -0.326   -0.458   -0.261   -0.500   -0.220   -0.472   -0.254   -0.540   -0.185
1857   -0.459   -0.513   -0.432   -0.557   -0.362   -0.590   -0.329   -0.573   -0.357   -0.634   -0.295
1858   -0.466   -0.523   -0.432   -0.569   -0.363   -0.596   -0.336   -0.584   -0.356   -0.642   -0.297
1859   -0.290   -0.356   -0.255   -0.403   -0.178   -0.421   -0.160   -0.421   -0.173   -0.476   -0.117
1860   -0.345   -0.411   -0.309   -0.457   -0.234   -0.477   -0.214   -0.474   -0.227   -0.530   -0.169
1861   -0.399   -0.475   -0.346   -0.516   -0.282   -0.549   -0.249   -0.534   -0.267   -0.600   -0.198
1862   -0.513   -0.587   -0.464   -0.633   -0.394   -0.672   -0.354   -0.648   -0.380   -0.721   -0.305
1863   -0.285   -0.353   -0.232   -0.410   -0.160   -0.447   -0.124   -0.426   -0.148   -0.499   -0.073
1864   -0.481   -0.551   -0.434   -0.604   -0.359   -0.633   -0.330   -0.622   -0.349   -0.688   -0.281
1865   -0.274   -0.354   -0.220   -0.398   -0.150   -0.445   -0.102   -0.421   -0.140   -0.501   -0.057
1866   -0.238   -0.325   -0.184   -0.356   -0.121   -0.399   -0.078   -0.382   -0.106   -0.454   -0.031
1867   -0.309   -0.392   -0.256   -0.421   -0.196   -0.471   -0.146   -0.444   -0.180   -0.520   -0.101
1868   -0.228   -0.315   -0.176   -0.334   -0.122   -0.385   -0.071   -0.361   -0.106   -0.434   -0.029
1869   -0.258   -0.328   -0.214   -0.364   -0.152   -0.400   -0.116   -0.382   -0.141   -0.447   -0.074
1870   -0.273   -0.338   -0.228   -0.374   -0.171   -0.398   -0.147   -0.390   -0.160   -0.444   -0.104
1871   -0.330   -0.399   -0.287   -0.432   -0.228   -0.465   -0.195   -0.451   -0.216   -0.511   -0.153
1872   -0.227   -0.290   -0.181   -0.326   -0.128   -0.351   -0.103   -0.342   -0.116   -0.396   -0.061
1873   -0.305   -0.365   -0.258   -0.401   -0.208   -0.424   -0.185   -0.418   -0.194   -0.469   -0.142
1874   -0.375   -0.442   -0.328   -0.470   -0.281   -0.493   -0.257   -0.486   -0.266   -0.537   -0.214
1875   -0.412   -0.478   -0.368   -0.506   -0.318   -0.530   -0.294   -0.526   -0.306   -0.576   -0.254
1876   -0.387   -0.449   -0.336   -0.478   -0.296   -0.502   -0.271   -0.495   -0.280   -0.544   -0.229
1877   -0.076   -0.143   -0.030   -0.165    0.013   -0.192    0.040   -0.183    0.029   -0.233    0.081
1878    0.032   -0.030    0.081   -0.057    0.121   -0.084    0.149   -0.072    0.137   -0.123    0.190
1879   -0.232   -0.288   -0.187   -0.312   -0.152   -0.345   -0.119   -0.328   -0.139   -0.380   -0.085
1880   -0.228   -0.282   -0.180   -0.305   -0.150   -0.345   -0.110   -0.321   -0.135   -0.377   -0.077
1881   -0.204   -0.260   -0.158   -0.280   -0.128   -0.326   -0.083   -0.296   -0.115   -0.356   -0.053
1882   -0.212   -0.267   -0.170   -0.287   -0.137   -0.327   -0.096   -0.305   -0.126   -0.361   -0.068
1883   -0.290   -0.345   -0.246   -0.358   -0.221   -0.399   -0.180   -0.374   -0.209   -0.428   -0.154
1884   -0.401   -0.450   -0.364   -0.465   -0.338   -0.512   -0.290   -0.480   -0.328   -0.538   -0.268
1885   -0.380   -0.436   -0.347   -0.442   -0.319   -0.493   -0.267   -0.459   -0.310   -0.519   -0.248
1886   -0.363   -0.413   -0.331   -0.424   -0.302   -0.477   -0.248   -0.439   -0.293   -0.500   -0.229
1887   -0.415   -0.471   -0.379   -0.478   -0.352   -0.524   -0.306   -0.496   -0.342   -0.551   -0.285
1888   -0.306   -0.359   -0.267   -0.370   -0.243   -0.414   -0.199   -0.389   -0.232   -0.442   -0.177
1889   -0.175   -0.233   -0.132   -0.242   -0.109   -0.284   -0.066   -0.263   -0.095   -0.315   -0.040
1890   -0.421   -0.486   -0.370   -0.487   -0.355   -0.527   -0.316   -0.512   -0.339   -0.560   -0.288
1891   -0.340   -0.410   -0.283   -0.409   -0.271   -0.447   -0.233   -0.435   -0.254   -0.483   -0.203
1892   -0.457   -0.528   -0.403   -0.530   -0.384   -0.563   -0.351   -0.558   -0.368   -0.604   -0.320
1893   -0.479   -0.550   -0.424   -0.550   -0.407   -0.583   -0.374   -0.579   -0.390   -0.624   -0.342
1894   -0.411   -0.488   -0.352   -0.480   -0.342   -0.516   -0.306   -0.510   -0.322   -0.556   -0.274
1895   -0.393   -0.465   -0.337   -0.460   -0.325   -0.496   -0.289   -0.492   -0.307   -0.536   -0.260
1896   -0.191   -0.259   -0.139   -0.260   -0.121   -0.296   -0.086   -0.286   -0.102   -0.332   -0.053
1897   -0.209   -0.277   -0.155   -0.279   -0.139   -0.313   -0.106   -0.306   -0.120   -0.351   -0.073
1898   -0.409   -0.475   -0.357   -0.479   -0.339   -0.512   -0.307   -0.505   -0.320   -0.549   -0.274
1899   -0.291   -0.354   -0.232   -0.360   -0.221   -0.391   -0.190   -0.386   -0.200   -0.429   -0.156
1900   -0.199   -0.268   -0.142   -0.270   -0.127   -0.301   -0.097   -0.298   -0.107   -0.341   -0.062
1901   -0.269   -0.334   -0.216   -0.340   -0.198   -0.377   -0.161   -0.367   -0.180   -0.415   -0.130
1902   -0.413   -0.471   -0.363   -0.477   -0.350   -0.518   -0.308   -0.499   -0.332   -0.548   -0.280
1903   -0.480   -0.540   -0.431   -0.543   -0.417   -0.587   -0.373   -0.566   -0.402   -0.618   -0.348
1904   -0.528   -0.582   -0.480   -0.590   -0.465   -0.636   -0.419   -0.610   -0.449   -0.663   -0.393
1905   -0.383   -0.437   -0.332   -0.443   -0.323   -0.488   -0.278   -0.465   -0.306   -0.516   -0.253
1906   -0.296   -0.348   -0.247   -0.355   -0.236   -0.403   -0.188   -0.375   -0.222   -0.429   -0.166
1907   -0.477   -0.528   -0.434   -0.536   -0.417   -0.580   -0.373   -0.556   -0.404   -0.607   -0.351
1908   -0.523   -0.569   -0.479   -0.580   -0.466   -0.626   -0.420   -0.600   -0.454   -0.651   -0.400
1909   -0.534   -0.587   -0.491   -0.586   -0.481   -0.638   -0.429   -0.606   -0.469   -0.661   -0.411
1910   -0.497   -0.548   -0.456   -0.547   -0.447   -0.601   -0.392   -0.567   -0.433   -0.623   -0.375
1911   -0.556   -0.603   -0.516   -0.604   -0.509   -0.660   -0.453   -0.624   -0.496   -0.680   -0.437
1912   -0.453   -0.498   -0.414   -0.501   -0.404   -0.554   -0.351   -0.521   -0.393   -0.576   -0.336
1913   -0.438   -0.481   -0.401   -0.488   -0.388   -0.542   -0.333   -0.503   -0.379   -0.561   -0.318
1914   -0.258   -0.303   -0.220   -0.319   -0.198   -0.361   -0.155   -0.335   -0.191   -0.388   -0.137
1915   -0.166   -0.216   -0.125   -0.237   -0.095   -0.276   -0.056   -0.252   -0.086   -0.306   -0.031
1916   -0.395   -0.444   -0.350   -0.457   -0.332   -0.502   -0.287   -0.473   -0.321   -0.528   -0.265
1917   -0.479   -0.527   -0.433   -0.547   -0.410   -0.588   -0.369   -0.563   -0.399   -0.617   -0.344
1918   -0.350   -0.402   -0.298   -0.423   -0.276   -0.466   -0.234   -0.440   -0.262   -0.497   -0.204
1919   -0.288   -0.337   -0.240   -0.357   -0.220   -0.402   -0.175   -0.372   -0.207   -0.429   -0.149
1920   -0.253   -0.299   -0.210   -0.318   -0.188   -0.364   -0.142   -0.331   -0.178   -0.389   -0.119
1921   -0.191   -0.236   -0.157   -0.248   -0.134   -0.292   -0.090   -0.262   -0.126   -0.315   -0.072
1922   -0.309   -0.349   -0.275   -0.364   -0.255   -0.411   -0.207   -0.375   -0.247   -0.431   -0.190
1923   -0.276   -0.318   -0.241   -0.327   -0.225   -0.373   -0.178   -0.340   -0.218   -0.393   -0.164
1924   -0.301   -0.340   -0.271   -0.353   -0.249   -0.403   -0.199   -0.365   -0.243   -0.422   -0.184
1925   -0.216   -0.259   -0.187   -0.268   -0.165   -0.317   -0.115   -0.281   -0.158   -0.337   -0.101
1926   -0.109   -0.154   -0.079   -0.160   -0.059   -0.211   -0.008   -0.174   -0.053   -0.231    0.005
1927   -0.211   -0.247   -0.184   -0.259   -0.164   -0.312   -0.110   -0.270   -0.157   -0.328   -0.098
1928   -0.213   -0.252   -0.187   -0.262   -0.164   -0.311   -0.115   -0.273   -0.158   -0.329   -0.102
1929   -0.346   -0.383   -0.319   -0.396   -0.296   -0.444   -0.248   -0.408   -0.290   -0.462   -0.234
1930   -0.135   -0.173   -0.108   -0.185   -0.084   -0.232   -0.037   -0.196   -0.079   -0.251   -0.023
1931   -0.084   -0.124   -0.060   -0.135   -0.034   -0.182    0.013   -0.145   -0.028   -0.200    0.027
1932   -0.135   -0.173   -0.111   -0.185   -0.085   -0.229   -0.041   -0.196   -0.080   -0.248   -0.027
1933   -0.274   -0.312   -0.249   -0.323   -0.225   -0.367   -0.181   -0.334   -0.219   -0.385   -0.167
1934   -0.129   -0.167   -0.104   -0.177   -0.080   -0.222   -0.035   -0.187   -0.074   -0.239   -0.021
1935   -0.176   -0.210   -0.150   -0.223   -0.129   -0.268   -0.084   -0.232   -0.123   -0.284   -0.070
1936   -0.143   -0.175   -0.119   -0.187   -0.100   -0.233   -0.054   -0.196   -0.094   -0.247   -0.042
1937   -0.024   -0.055   -0.002   -0.068    0.019   -0.111    0.063   -0.077    0.024   -0.126    0.075
1938   -0.007   -0.039    0.015   -0.052    0.038   -0.098    0.084   -0.061    0.043   -0.113    0.096
1939   -0.053   -0.086   -0.032   -0.106    0.001   -0.142    0.037   -0.115    0.005   -0.163    0.053
1940    0.022   -0.014    0.052   -0.039    0.084   -0.079    0.123   -0.048    0.089   -0.101    0.143
1941    0.023   -0.022    0.059   -0.032    0.078   -0.072    0.118   -0.045    0.087   -0.094    0.137
1942   -0.022   -0.072    0.025   -0.081    0.037   -0.115    0.071   -0.100    0.050   -0.143    0.096
1943   -0.001   -0.054    0.039   -0.059    0.057   -0.100    0.097   -0.078    0.069   -0.126    0.120
1944    0.153    0.099    0.189    0.097    0.209    0.055    0.251    0.076    0.220    0.028    0.272
1945    0.029   -0.015    0.066   -0.030    0.088   -0.076    0.133   -0.045    0.099   -0.099    0.156
1946   -0.066   -0.108   -0.031   -0.122   -0.010   -0.155    0.022   -0.137   -0.001   -0.180    0.044
1947   -0.040   -0.100    0.005   -0.092    0.012   -0.127    0.047   -0.118    0.030   -0.157    0.072
1948   -0.036   -0.098    0.008   -0.085    0.013   -0.120    0.049   -0.112    0.033   -0.150    0.073
1949   -0.073   -0.119   -0.031   -0.119   -0.028   -0.156    0.009   -0.140   -0.014   -0.180    0.028
1950   -0.174   -0.219   -0.134   -0.219   -0.129   -0.255   -0.093   -0.239   -0.116   -0.279   -0.075
1951   -0.048   -0.086   -0.013   -0.090   -0.006   -0.134    0.038   -0.105    0.007   -0.151    0.053
1952    0.033   -0.006    0.066   -0.008    0.074   -0.051    0.117   -0.022    0.088   -0.067    0.134
1953    0.100    0.061    0.135    0.059    0.141    0.016    0.184    0.045    0.155    0.000    0.201
1954   -0.131   -0.171   -0.095   -0.171   -0.091   -0.214   -0.048   -0.185   -0.078   -0.231   -0.033
1955   -0.188   -0.220   -0.156   -0.227   -0.149   -0.270   -0.106   -0.239   -0.137   -0.284   -0.091
1956   -0.264   -0.295   -0.233   -0.302   -0.226   -0.343   -0.186   -0.312   -0.215   -0.355   -0.170
1957   -0.002   -0.033    0.028   -0.039    0.036   -0.079    0.075   -0.050    0.046   -0.093    0.088
1958    0.047    0.020    0.076    0.011    0.084   -0.029    0.124    0.002    0.096   -0.041    0.139
1959    0.016   -0.010    0.041   -0.020    0.051   -0.058    0.090   -0.028    0.060   -0.070    0.103
1960   -0.051   -0.076   -0.026   -0.086   -0.017   -0.126    0.023   -0.095   -0.008   -0.137    0.034
1961    0.040    0.011    0.062    0.007    0.073   -0.035    0.115   -0.002    0.081   -0.046    0.126
1962    0.019   -0.009    0.039   -0.013    0.052   -0.057    0.095   -0.022    0.058   -0.067    0.105
1963    0.052    0.025    0.077    0.019    0.084   -0.026    0.129    0.007    0.092   -0.038    0.139
1964   -0.224   -0.249   -0.199   -0.255   -0.192   -0.300   -0.148   -0.264   -0.182   -0.309   -0.137
1965   -0.140   -0.165   -0.114   -0.171   -0.108   -0.217   -0.063   -0.182   -0.099   -0.228   -0.053
1966   -0.070   -0.093   -0.043   -0.101   -0.039   -0.147    0.008   -0.110   -0.030   -0.157    0.017
1967   -0.075   -0.096   -0.054   -0.104   -0.045   -0.152    0.002   -0.112   -0.039   -0.160    0.010
1968   -0.110   -0.129   -0.094   -0.139   -0.082   -0.186   -0.035   -0.145   -0.077   -0.194   -0.028
1969    0.029    0.011    0.046    0.000    0.057   -0.048    0.105   -0.007    0.063   -0.056    0.112
1970   -0.028   -0.050   -0.010   -0.056   -0.000   -0.104    0.047   -0.062    0.008   -0.111    0.056
1971   -0.185   -0.202   -0.161   -0.212   -0.157   -0.260   -0.109   -0.217   -0.148   -0.267   -0.101
1972   -0.065   -0.080   -0.040   -0.093   -0.037   -0.141    0.011   -0.098   -0.030   -0.148    0.018
1973    0.062    0.050    0.082    0.035    0.090   -0.012    0.136    0.031    0.095   -0.018    0.144
1974   -0.214   -0.228   -0.197   -0.241   -0.186   -0.289   -0.138   -0.245   -0.182   -0.295   -0.132
1975   -0.148   -0.163   -0.133   -0.175   -0.120   -0.223   -0.073   -0.179   -0.117   -0.229   -0.067
1976   -0.238   -0.253   -0.224   -0.266   -0.210   -0.314   -0.163   -0.270   -0.207   -0.321   -0.157
1977    0.047    0.033    0.065    0.019    0.075   -0.027    0.121    0.015    0.079   -0.034    0.127
1978   -0.062   -0.078   -0.042   -0.090   -0.034   -0.138    0.014   -0.093   -0.029   -0.143    0.021
1979    0.058    0.041    0.077    0.035    0.081   -0.016    0.131    0.029    0.087   -0.021    0.137
1980    0.093    0.078    0.107    0.066    0.119    0.017    0.169    0.062    0.123    0.010    0.174
1981    0.141    0.126    0.154    0.113    0.168    0.064    0.218    0.108    0.172    0.057    0.224
1982    0.013   -0.011    0.030   -0.017    0.042   -0.064    0.089   -0.025    0.046   -0.074    0.096
1983    0.189    0.168    0.207    0.160    0.217    0.112    0.265    0.152    0.223    0.103    0.272
1984   -0.015   -0.034    0.006   -0.043    0.013   -0.091    0.062   -0.050    0.019   -0.099    0.069
1985   -0.029   -0.046   -0.010   -0.056   -0.001   -0.103    0.046   -0.062    0.004   -0.110    0.053
1986    0.047    0.023    0.068    0.021    0.073   -0.030    0.123    0.011    0.080   -0.038    0.129
1987    0.184    0.160    0.211    0.159    0.210    0.108    0.261    0.149    0.219    0.100    0.268
1988    0.200    0.177    0.223    0.174    0.226    0.123    0.277    0.164    0.235    0.116    0.285
1989    0.121    0.094    0.151    0.093    0.148    0.045    0.196    0.084    0.159    0.037    0.206
1990    0.291    0.262    0.327    0.264    0.319    0.215    0.368    0.253    0.333    0.206    0.379
1991    0.253    0.217    0.289    0.226    0.280    0.177    0.329    0.212    0.295    0.167    0.339
1992    0.102    0.066    0.138    0.076    0.128    0.025    0.180    0.060    0.144    0.014    0.189
1993    0.142    0.106    0.182    0.116    0.168    0.065    0.219    0.100    0.187    0.055    0.231
1994    0.201    0.168    0.241    0.175    0.227    0.122    0.279    0.158    0.248    0.112    0.292
1995    0.323    0.286    0.360    0.299    0.347    0.246    0.400    0.278    0.368    0.233    0.411
1996    0.177    0.140    0.215    0.156    0.198    0.098    0.256    0.133    0.220    0.085    0.266
1997    0.390    0.354    0.428    0.366    0.413    0.313    0.466    0.348    0.434    0.302    0.477
1998    0.523    0.481    0.563    0.499    0.547    0.447    0.599    0.475    0.569    0.433    0.612
1999    0.298    0.257    0.337    0.275    0.322    0.222    0.375    0.250    0.345    0.207    0.388
2000    0.291    0.253    0.335    0.268    0.313    0.214    0.367    0.245    0.339    0.201    0.381
2001    0.433    0.397    0.478    0.410    0.455    0.356    0.510    0.388    0.484    0.344    0.526
2002    0.485    0.449    0.533    0.464    0.506    0.406    0.564    0.442    0.537    0.395    0.581
2003    0.496    0.460    0.540    0.477    0.516    0.417    0.576    0.454    0.547    0.406    0.592
2004    0.438    0.404    0.478    0.421    0.456    0.359    0.518    0.397    0.485    0.349    0.532
2005    0.534    0.497    0.577    0.517    0.552    0.453    0.615    0.492    0.582    0.443    0.630
2006    0.491    0.452    0.533    0.476    0.507    0.412    0.571    0.449    0.538    0.401    0.585
2007    0.478    0.443    0.518    0.462    0.493    0.399    0.556    0.438    0.522    0.389    0.569
2008    0.383    0.344    0.424    0.368    0.398    0.305    0.460    0.342    0.429    0.296    0.474
2009    0.489    0.450    0.530    0.474    0.504    0.409    0.569    0.448    0.535    0.399    0.582
2010    0.540    0.502    0.582    0.526    0.554    0.459    0.620    0.498    0.586    0.449    0.633
2011    0.399    0.368    0.442    0.376    0.423    0.319    0.480    0.355    0.452    0.308    0.497
2012    0.433    0.402    0.476    0.405    0.462    0.344    0.522    0.387    0.488    0.334    0.540
2013    0.456    0.416    0.502    0.425    0.487    0.221    0.691    0.403    0.515    0.215    0.699
