1850   -0.374   -0.422   -0.337   -0.505   -0.244   -0.539   -0.209   -0.515   -0.237   -0.592   -0.160
1851   -0.219   -0.272   -0.183   -0.352   -0.086   -0.370   -0.068   -0.365   -0.080   -0.430   -0.015
1852   -0.223   -0.275   -0.190   -0.349   -0.097   -0.374   -0.072   -0.363   -0.093   -0.430   -0.025
1853   -0.268   -0.319   -0.234   -0.377   -0.159   -0.428   -0.109   -0.390   -0.152   -0.470   -0.072
1854   -0.243   -0.292   -0.212   -0.345   -0.142   -0.387   -0.099   -0.360   -0.136   -0.430   -0.065
1855   -0.264   -0.314   -0.232   -0.361   -0.167   -0.405   -0.123   -0.376   -0.161   -0.445   -0.090
1856   -0.356   -0.408   -0.321   -0.454   -0.257   -0.496   -0.216   -0.467   -0.249   -0.535   -0.180
1857   -0.454   -0.508   -0.426   -0.552   -0.357   -0.585   -0.324   -0.568   -0.352   -0.629   -0.290
1858   -0.461   -0.518   -0.427   -0.564   -0.357   -0.590   -0.331   -0.578   -0.351   -0.637   -0.291
1859   -0.282   -0.346   -0.248   -0.394   -0.169   -0.412   -0.151   -0.412   -0.164   -0.467   -0.108
1860   -0.338   -0.403   -0.302   -0.450   -0.226   -0.470   -0.206   -0.467   -0.220   -0.523   -0.162
1861   -0.391   -0.469   -0.335   -0.509   -0.273   -0.542   -0.240   -0.526   -0.258   -0.593   -0.189
1862   -0.503   -0.578   -0.456   -0.623   -0.383   -0.664   -0.342   -0.640   -0.371   -0.714   -0.295
1863   -0.275   -0.345   -0.228   -0.401   -0.150   -0.438   -0.113   -0.417   -0.139   -0.491   -0.063
1864   -0.478   -0.547   -0.430   -0.601   -0.355   -0.630   -0.325   -0.619   -0.346   -0.686   -0.277
1865   -0.270   -0.353   -0.217   -0.394   -0.145   -0.443   -0.096   -0.417   -0.135   -0.498   -0.052
1866   -0.241   -0.327   -0.183   -0.359   -0.123   -0.403   -0.079   -0.383   -0.107   -0.457   -0.030
1867   -0.308   -0.395   -0.253   -0.421   -0.195   -0.472   -0.144   -0.445   -0.179   -0.521   -0.100
1868   -0.230   -0.316   -0.175   -0.336   -0.123   -0.388   -0.071   -0.362   -0.107   -0.436   -0.029
1869   -0.259   -0.330   -0.213   -0.365   -0.153   -0.401   -0.117   -0.382   -0.140   -0.447   -0.073
1870   -0.271   -0.337   -0.224   -0.372   -0.169   -0.396   -0.145   -0.388   -0.158   -0.443   -0.102
1871   -0.326   -0.394   -0.280   -0.428   -0.224   -0.462   -0.190   -0.447   -0.212   -0.507   -0.148
1872   -0.229   -0.294   -0.186   -0.328   -0.131   -0.353   -0.106   -0.345   -0.119   -0.398   -0.063
1873   -0.306   -0.367   -0.258   -0.402   -0.209   -0.425   -0.186   -0.419   -0.195   -0.470   -0.142
1874   -0.373   -0.442   -0.326   -0.468   -0.278   -0.491   -0.255   -0.485   -0.265   -0.536   -0.212
1875   -0.408   -0.477   -0.365   -0.502   -0.314   -0.526   -0.290   -0.523   -0.303   -0.573   -0.251
1876   -0.384   -0.449   -0.331   -0.475   -0.292   -0.499   -0.268   -0.493   -0.277   -0.542   -0.226
1877   -0.073   -0.141   -0.027   -0.162    0.016   -0.189    0.042   -0.180    0.031   -0.230    0.083
1878    0.032   -0.030    0.081   -0.056    0.121   -0.084    0.149   -0.072    0.137   -0.123    0.190
1879   -0.234   -0.290   -0.189   -0.314   -0.154   -0.347   -0.121   -0.331   -0.141   -0.382   -0.088
1880   -0.230   -0.284   -0.183   -0.307   -0.152   -0.347   -0.112   -0.323   -0.137   -0.379   -0.079
1881   -0.207   -0.264   -0.160   -0.283   -0.131   -0.329   -0.086   -0.298   -0.118   -0.359   -0.056
1882   -0.214   -0.270   -0.172   -0.289   -0.139   -0.330   -0.098   -0.308   -0.128   -0.363   -0.070
1883   -0.292   -0.347   -0.248   -0.360   -0.224   -0.401   -0.182   -0.376   -0.212   -0.430   -0.156
1884   -0.403   -0.452   -0.365   -0.466   -0.340   -0.514   -0.292   -0.482   -0.329   -0.539   -0.270
1885   -0.385   -0.441   -0.352   -0.447   -0.324   -0.498   -0.272   -0.464   -0.315   -0.523   -0.252
1886   -0.366   -0.416   -0.334   -0.427   -0.305   -0.480   -0.251   -0.442   -0.297   -0.504   -0.233
1887   -0.418   -0.474   -0.384   -0.481   -0.354   -0.526   -0.309   -0.499   -0.345   -0.554   -0.288
1888   -0.309   -0.360   -0.269   -0.372   -0.246   -0.416   -0.202   -0.391   -0.234   -0.444   -0.179
1889   -0.173   -0.233   -0.131   -0.239   -0.107   -0.282   -0.064   -0.260   -0.092   -0.312   -0.037
1890   -0.419   -0.486   -0.370   -0.485   -0.353   -0.525   -0.314   -0.511   -0.338   -0.559   -0.287
1891   -0.339   -0.410   -0.283   -0.407   -0.270   -0.446   -0.231   -0.435   -0.253   -0.483   -0.202
1892   -0.456   -0.527   -0.401   -0.529   -0.384   -0.562   -0.351   -0.557   -0.367   -0.603   -0.318
1893   -0.475   -0.547   -0.419   -0.546   -0.403   -0.579   -0.370   -0.574   -0.385   -0.619   -0.337
1894   -0.408   -0.486   -0.352   -0.477   -0.339   -0.513   -0.303   -0.507   -0.319   -0.553   -0.271
1895   -0.393   -0.464   -0.338   -0.460   -0.325   -0.496   -0.289   -0.491   -0.307   -0.536   -0.260
1896   -0.191   -0.259   -0.140   -0.260   -0.122   -0.296   -0.086   -0.286   -0.103   -0.332   -0.054
1897   -0.210   -0.277   -0.156   -0.280   -0.140   -0.314   -0.107   -0.306   -0.120   -0.351   -0.073
1898   -0.408   -0.474   -0.357   -0.478   -0.339   -0.511   -0.306   -0.504   -0.319   -0.548   -0.273
1899   -0.288   -0.350   -0.230   -0.358   -0.219   -0.389   -0.188   -0.383   -0.197   -0.426   -0.152
1900   -0.198   -0.266   -0.141   -0.270   -0.126   -0.300   -0.096   -0.297   -0.106   -0.340   -0.061
1901   -0.267   -0.333   -0.214   -0.337   -0.196   -0.375   -0.159   -0.365   -0.178   -0.413   -0.128
1902   -0.412   -0.469   -0.361   -0.476   -0.349   -0.517   -0.308   -0.498   -0.330   -0.547   -0.279
1903   -0.481   -0.541   -0.431   -0.544   -0.418   -0.587   -0.374   -0.567   -0.402   -0.618   -0.349
1904   -0.528   -0.583   -0.479   -0.590   -0.466   -0.636   -0.420   -0.611   -0.449   -0.663   -0.394
1905   -0.382   -0.437   -0.330   -0.442   -0.322   -0.486   -0.277   -0.464   -0.304   -0.515   -0.252
1906   -0.294   -0.347   -0.245   -0.353   -0.235   -0.401   -0.187   -0.374   -0.220   -0.428   -0.164
1907   -0.476   -0.529   -0.433   -0.535   -0.416   -0.579   -0.372   -0.555   -0.403   -0.606   -0.349
1908   -0.523   -0.570   -0.480   -0.580   -0.466   -0.626   -0.420   -0.599   -0.454   -0.651   -0.399
1909   -0.536   -0.588   -0.493   -0.588   -0.484   -0.641   -0.431   -0.608   -0.471   -0.663   -0.413
1910   -0.496   -0.550   -0.455   -0.546   -0.447   -0.601   -0.392   -0.567   -0.431   -0.622   -0.373
1911   -0.554   -0.602   -0.511   -0.601   -0.506   -0.657   -0.450   -0.623   -0.493   -0.678   -0.435
1912   -0.449   -0.496   -0.407   -0.498   -0.401   -0.551   -0.348   -0.518   -0.389   -0.572   -0.332
1913   -0.439   -0.483   -0.400   -0.489   -0.389   -0.543   -0.335   -0.505   -0.380   -0.563   -0.319
1914   -0.258   -0.303   -0.218   -0.318   -0.198   -0.361   -0.155   -0.334   -0.190   -0.386   -0.135
1915   -0.164   -0.221   -0.121   -0.234   -0.094   -0.275   -0.054   -0.252   -0.086   -0.306   -0.030
1916   -0.398   -0.450   -0.352   -0.459   -0.336   -0.506   -0.290   -0.477   -0.325   -0.532   -0.268
1917   -0.481   -0.533   -0.434   -0.548   -0.414   -0.592   -0.371   -0.568   -0.403   -0.622   -0.347
1918   -0.343   -0.400   -0.289   -0.415   -0.271   -0.460   -0.226   -0.434   -0.255   -0.491   -0.197
1919   -0.284   -0.335   -0.231   -0.352   -0.217   -0.398   -0.171   -0.368   -0.204   -0.426   -0.145
1920   -0.252   -0.296   -0.206   -0.316   -0.188   -0.364   -0.140   -0.331   -0.178   -0.389   -0.118
1921   -0.190   -0.236   -0.154   -0.246   -0.133   -0.291   -0.088   -0.262   -0.126   -0.315   -0.071
1922   -0.309   -0.349   -0.274   -0.363   -0.255   -0.411   -0.207   -0.376   -0.246   -0.431   -0.190
1923   -0.275   -0.319   -0.241   -0.325   -0.225   -0.372   -0.178   -0.340   -0.218   -0.393   -0.164
1924   -0.300   -0.341   -0.268   -0.351   -0.248   -0.402   -0.198   -0.364   -0.241   -0.421   -0.183
1925   -0.219   -0.264   -0.187   -0.270   -0.168   -0.320   -0.118   -0.285   -0.161   -0.341   -0.104
1926   -0.112   -0.156   -0.079   -0.162   -0.062   -0.213   -0.011   -0.177   -0.056   -0.234    0.002
1927   -0.213   -0.251   -0.184   -0.261   -0.166   -0.314   -0.113   -0.273   -0.160   -0.331   -0.100
1928   -0.211   -0.252   -0.184   -0.260   -0.162   -0.309   -0.113   -0.272   -0.157   -0.327   -0.100
1929   -0.349   -0.388   -0.323   -0.399   -0.299   -0.447   -0.251   -0.412   -0.294   -0.466   -0.238
1930   -0.138   -0.177   -0.111   -0.188   -0.088   -0.236   -0.040   -0.200   -0.083   -0.254   -0.027
1931   -0.087   -0.128   -0.064   -0.137   -0.037   -0.185    0.010   -0.149   -0.032   -0.203    0.024
1932   -0.135   -0.175   -0.112   -0.185   -0.086   -0.229   -0.042   -0.197   -0.081   -0.249   -0.028
1933   -0.273   -0.313   -0.246   -0.321   -0.224   -0.366   -0.179   -0.334   -0.219   -0.385   -0.166
1934   -0.126   -0.166   -0.101   -0.174   -0.078   -0.220   -0.033   -0.186   -0.073   -0.237   -0.020
1935   -0.176   -0.212   -0.149   -0.223   -0.129   -0.268   -0.084   -0.233   -0.123   -0.284   -0.070
1936   -0.143   -0.176   -0.117   -0.186   -0.100   -0.232   -0.054   -0.196   -0.094   -0.247   -0.042
1937   -0.025   -0.057   -0.003   -0.068    0.018   -0.112    0.062   -0.078    0.023   -0.127    0.074
1938   -0.005   -0.038    0.017   -0.050    0.040   -0.095    0.086   -0.059    0.045   -0.111    0.098
1939   -0.055   -0.090   -0.034   -0.108   -0.002   -0.145    0.035   -0.117    0.002   -0.165    0.051
1940    0.018   -0.018    0.048   -0.043    0.079   -0.083    0.119   -0.052    0.084   -0.106    0.138
1941    0.018   -0.027    0.052   -0.036    0.072   -0.077    0.113   -0.049    0.081   -0.098    0.132
1942   -0.023   -0.073    0.021   -0.081    0.035   -0.117    0.071   -0.100    0.050   -0.144    0.096
1943   -0.003   -0.054    0.038   -0.061    0.055   -0.103    0.097   -0.079    0.068   -0.128    0.119
1944    0.150    0.098    0.186    0.095    0.206    0.051    0.249    0.075    0.218    0.026    0.270
1945    0.033   -0.012    0.069   -0.025    0.091   -0.072    0.139   -0.041    0.102   -0.096    0.159
1946   -0.068   -0.108   -0.035   -0.123   -0.012   -0.156    0.021   -0.138   -0.003   -0.181    0.042
1947   -0.038   -0.100    0.006   -0.090    0.014   -0.125    0.048   -0.116    0.031   -0.155    0.073
1948   -0.035   -0.099    0.007   -0.084    0.013   -0.119    0.049   -0.111    0.033   -0.149    0.074
1949   -0.076   -0.123   -0.034   -0.121   -0.030   -0.158    0.007   -0.142   -0.017   -0.182    0.025
1950   -0.174   -0.220   -0.134   -0.219   -0.130   -0.256   -0.093   -0.239   -0.116   -0.279   -0.075
1951   -0.048   -0.087   -0.014   -0.090   -0.006   -0.133    0.038   -0.105    0.007   -0.151    0.054
1952    0.033   -0.005    0.067   -0.008    0.074   -0.051    0.117   -0.022    0.089   -0.067    0.134
1953    0.101    0.062    0.135    0.061    0.142    0.017    0.185    0.046    0.156    0.001    0.202
1954   -0.128   -0.167   -0.093   -0.168   -0.088   -0.211   -0.045   -0.183   -0.076   -0.228   -0.030
1955   -0.185   -0.217   -0.155   -0.224   -0.146   -0.267   -0.103   -0.236   -0.135   -0.282   -0.089
1956   -0.262   -0.291   -0.230   -0.300   -0.224   -0.340   -0.183   -0.309   -0.212   -0.352   -0.167
1957   -0.001   -0.031    0.030   -0.039    0.036   -0.078    0.076   -0.049    0.047   -0.092    0.089
1958    0.049    0.022    0.079    0.013    0.086   -0.027    0.126    0.005    0.098   -0.039    0.140
1959    0.017   -0.008    0.041   -0.019    0.052   -0.057    0.091   -0.027    0.061   -0.069    0.103
1960   -0.050   -0.074   -0.025   -0.084   -0.015   -0.123    0.024   -0.093   -0.007   -0.135    0.036
1961    0.039    0.010    0.061    0.006    0.072   -0.036    0.114   -0.002    0.080   -0.046    0.125
1962    0.018   -0.010    0.038   -0.014    0.050   -0.057    0.094   -0.023    0.057   -0.068    0.103
1963    0.050    0.024    0.075    0.017    0.083   -0.027    0.127    0.006    0.091   -0.038    0.137
1964   -0.224   -0.249   -0.198   -0.255   -0.193   -0.299   -0.149   -0.264   -0.182   -0.309   -0.137
1965   -0.141   -0.165   -0.114   -0.173   -0.110   -0.218   -0.065   -0.183   -0.100   -0.228   -0.055
1966   -0.073   -0.095   -0.047   -0.104   -0.042   -0.150    0.004   -0.112   -0.033   -0.159    0.014
1967   -0.076   -0.096   -0.054   -0.105   -0.046   -0.152    0.001   -0.112   -0.040   -0.161    0.009
1968   -0.113   -0.132   -0.097   -0.141   -0.084   -0.188   -0.037   -0.147   -0.080   -0.196   -0.030
1969    0.029    0.011    0.047    0.001    0.057   -0.047    0.106   -0.006    0.064   -0.055    0.113
1970   -0.029   -0.050   -0.009   -0.056   -0.001   -0.104    0.047   -0.062    0.007   -0.110    0.056
1971   -0.184   -0.202   -0.161   -0.212   -0.157   -0.260   -0.109   -0.217   -0.148   -0.266   -0.100
1972   -0.069   -0.084   -0.042   -0.096   -0.041   -0.144    0.007   -0.101   -0.033   -0.151    0.015
1973    0.063    0.051    0.083    0.036    0.090   -0.011    0.137    0.033    0.096   -0.017    0.145
1974   -0.211   -0.225   -0.194   -0.238   -0.184   -0.287   -0.136   -0.242   -0.180   -0.292   -0.129
1975   -0.145   -0.161   -0.131   -0.172   -0.118   -0.220   -0.070   -0.176   -0.114   -0.226   -0.064
1976   -0.238   -0.251   -0.223   -0.265   -0.210   -0.313   -0.162   -0.269   -0.207   -0.320   -0.156
1977    0.046    0.033    0.064    0.019    0.074   -0.028    0.120    0.015    0.077   -0.034    0.126
1978   -0.062   -0.077   -0.042   -0.089   -0.034   -0.137    0.014   -0.092   -0.029   -0.143    0.021
1979    0.058    0.041    0.077    0.035    0.081   -0.015    0.131    0.029    0.087   -0.021    0.137
1980    0.093    0.078    0.108    0.067    0.120    0.018    0.169    0.062    0.123    0.011    0.175
1981    0.142    0.127    0.155    0.115    0.169    0.065    0.219    0.109    0.173    0.058    0.225
1982    0.013   -0.011    0.030   -0.016    0.042   -0.064    0.089   -0.025    0.046   -0.073    0.096
1983    0.191    0.171    0.209    0.163    0.220    0.115    0.268    0.155    0.225    0.106    0.274
1984   -0.014   -0.033    0.007   -0.042    0.014   -0.090    0.062   -0.049    0.020   -0.098    0.069
1985   -0.029   -0.047   -0.010   -0.056   -0.002   -0.103    0.046   -0.062    0.004   -0.110    0.053
1986    0.047    0.025    0.069    0.021    0.073   -0.029    0.123    0.011    0.080   -0.037    0.130
1987    0.186    0.163    0.214    0.161    0.211    0.110    0.262    0.151    0.220    0.102    0.269
1988    0.201    0.178    0.224    0.175    0.227    0.125    0.278    0.165    0.236    0.117    0.285
1989    0.121    0.094    0.151    0.094    0.148    0.045    0.197    0.084    0.159    0.036    0.206
1990    0.291    0.261    0.326    0.264    0.319    0.214    0.368    0.253    0.333    0.206    0.379
1991    0.253    0.218    0.289    0.227    0.280    0.178    0.329    0.212    0.295    0.167    0.339
1992    0.102    0.067    0.137    0.077    0.128    0.025    0.180    0.061    0.144    0.014    0.190
1993    0.143    0.106    0.181    0.117    0.169    0.065    0.220    0.101    0.187    0.055    0.232
1994    0.203    0.169    0.243    0.177    0.229    0.125    0.281    0.160    0.250    0.115    0.294
1995    0.324    0.287    0.360    0.300    0.347    0.247    0.400    0.279    0.369    0.234    0.412
1996    0.179    0.142    0.216    0.158    0.200    0.100    0.258    0.136    0.222    0.087    0.268
1997    0.392    0.356    0.429    0.369    0.415    0.316    0.468    0.350    0.436    0.305    0.479
1998    0.531    0.490    0.571    0.507    0.555    0.456    0.606    0.483    0.577    0.441    0.619
1999    0.301    0.261    0.340    0.278    0.324    0.225    0.377    0.254    0.348    0.211    0.391
2000    0.294    0.257    0.338    0.271    0.316    0.217    0.370    0.249    0.342    0.205    0.385
2001    0.437    0.400    0.480    0.415    0.459    0.360    0.514    0.392    0.488    0.348    0.529
2002    0.492    0.455    0.537    0.471    0.513    0.413    0.570    0.448    0.543    0.402    0.586
2003    0.503    0.465    0.545    0.484    0.522    0.424    0.582    0.459    0.552    0.413    0.597
2004    0.445    0.408    0.482    0.427    0.462    0.365    0.524    0.402    0.490    0.354    0.537
2005    0.539    0.501    0.581    0.522    0.556    0.458    0.620    0.497    0.587    0.448    0.635
2006    0.495    0.454    0.535    0.479    0.511    0.416    0.574    0.452    0.541    0.405    0.587
2007    0.483    0.447    0.521    0.468    0.498    0.405    0.561    0.443    0.527    0.395    0.574
2008    0.388    0.350    0.427    0.373    0.402    0.310    0.465    0.346    0.432    0.300    0.477
2009    0.494    0.455    0.535    0.479    0.509    0.414    0.574    0.452    0.538    0.404    0.586
2010    0.547    0.510    0.589    0.532    0.561    0.467    0.627    0.505    0.592    0.456    0.639
2011    0.406    0.375    0.449    0.383    0.430    0.327    0.486    0.362    0.458    0.315    0.502
2012    0.448    0.416    0.490    0.420    0.477    0.364    0.533    0.402    0.502    0.352    0.550
2013    0.487    0.449    0.526    0.463    0.511    0.397    0.576    0.440    0.537    0.385    0.591
2014    0.535    0.497    0.573    0.508    0.561    0.419    0.650    0.484    0.586    0.408    0.662
